 [antenna_pattern.dat]

  É” = 90.000 Åãplane
   É∆(deg)       EÉ”       EÉ∆       ER        EL 
   -90.000  -30.0000  -23.4790  -29.4968  -29.4968
   -89.000  -30.0000  -23.4762  -29.0750  -29.5341
   -88.000  -30.0000  -23.4669  -28.3294  -29.2201
   -87.000  -27.3009  -23.4485  -27.3730  -28.6584
   -86.000  -24.8012  -23.4165  -26.3147  -27.9637
   -85.000  -22.8617  -23.3652  -25.2305  -27.2235
   -84.000  -21.2766  -23.2875  -24.1650  -26.4913
   -83.000  -19.9360  -23.1757  -23.1404  -25.7951
   -82.000  -18.7742  -23.0222  -22.1660  -25.1476
   -81.000  -17.7489  -22.8201  -21.2438  -24.5527
   -80.000  -16.8314  -22.5643  -20.3725  -24.0099
   -79.000  -16.0010  -22.2521  -19.5492  -23.5167
   -78.000  -15.2425  -21.8839  -18.7704  -23.0698
   -77.000  -14.5444  -21.4628  -18.0324  -22.6656
   -76.000  -13.8977  -20.9941  -17.3318  -22.3006
   -75.000  -13.2953  -20.4851  -16.6654  -21.9718
   -74.000  -12.7316  -19.9439  -16.0303  -21.6760
   -73.000  -12.2018  -19.3785  -15.4240  -21.4109
   -72.000  -11.7021  -18.7966  -14.8441  -21.1740
   -71.000  -11.2293  -18.2050  -14.2886  -20.9633
   -70.000  -10.7806  -17.6097  -13.7557  -20.7771
   -69.000  -10.3538  -17.0153  -13.2438  -20.6136
   -68.000   -9.9468  -16.4258  -12.7513  -20.4716
   -67.000   -9.5579  -15.8440  -12.2772  -20.3498
   -66.000   -9.1856  -15.2721  -11.8201  -20.2471
   -65.000   -8.8287  -14.7120  -11.3790  -20.1624
   -64.000   -8.4859  -14.1645  -10.9530  -20.0950
   -63.000   -8.1563  -13.6306  -10.5413  -20.0441
   -62.000   -7.8389  -13.1106  -10.1432  -20.0090
   -61.000   -7.5330  -12.6049   -9.7578  -19.9892
   -60.000   -7.2379  -12.1134   -9.3846  -19.9840
   -59.000   -6.9529  -11.6361   -9.0230  -19.9931
   -58.000   -6.6775  -11.1729   -8.6726  -20.0160
   -57.000   -6.4111  -10.7234   -8.3327  -20.0523
   -56.000   -6.1532  -10.2874   -8.0030  -20.1019
   -55.000   -5.9036   -9.8646   -7.6831  -20.1644
   -54.000   -5.6617   -9.4547   -7.3727  -20.2396
   -53.000   -5.4272   -9.0574   -7.0712  -20.3273
   -52.000   -5.1998   -8.6722   -6.7786  -20.4275
   -51.000   -4.9793   -8.2989   -6.4944  -20.5399
   -50.000   -4.7654   -7.9371   -6.2184  -20.6645
   -49.000   -4.5577   -7.5865   -5.9503  -20.8012
   -48.000   -4.3562   -7.2467   -5.6900  -20.9501
   -47.000   -4.1606   -6.9175   -5.4371  -21.1112
   -46.000   -3.9708   -6.5986   -5.1916  -21.2845
   -45.000   -3.7865   -6.2896   -4.9532  -21.4701
   -44.000   -3.6076   -5.9904   -4.7217  -21.6680
   -43.000   -3.4340   -5.7006   -4.4969  -21.8785
   -42.000   -3.2656   -5.4200   -4.2788  -22.1016
   -41.000   -3.1021   -5.1484   -4.0672  -22.3377
   -40.000   -2.9436   -4.8855   -3.8620  -22.5868
   -39.000   -2.7899   -4.6312   -3.6629  -22.8493
   -38.000   -2.6409   -4.3852   -3.4700  -23.1255
   -37.000   -2.4965   -4.1473   -3.2831  -23.4157
   -36.000   -2.3567   -3.9174   -3.1020  -23.7202
   -35.000   -2.2213   -3.6954   -2.9268  -24.0396
   -34.000   -2.0904   -3.4809   -2.7573  -24.3741
   -33.000   -1.9638   -3.2739   -2.5934  -24.7245
   -32.000   -1.8415   -3.0743   -2.4350  -25.0912
   -31.000   -1.7235   -2.8819   -2.2822  -25.4749
   -30.000   -1.6096   -2.6965   -2.1347  -25.8762
   -29.000   -1.4999   -2.5181   -1.9925  -26.2960
   -28.000   -1.3943   -2.3465   -1.8557  -26.7351
   -27.000   -1.2927   -2.1817   -1.7240  -27.1944
   -26.000   -1.1952   -2.0234   -1.5975  -27.6751
   -25.000   -1.1017   -1.8717   -1.4761  -28.1782
   -24.000   -1.0121   -1.7264   -1.3598  -28.7051
   -23.000   -0.9264   -1.5874   -1.2484  -29.2572
   -22.000   -0.8447   -1.4547   -1.1421  -29.8363
   -21.000   -0.7669   -1.3282   -1.0407  -30.0000
   -20.000   -0.6929   -1.2078   -0.9441  -30.0000
   -19.000   -0.6227   -1.0934   -0.8524  -30.0000
   -18.000   -0.5564   -0.9850   -0.7656  -30.0000
   -17.000   -0.4939   -0.8825   -0.6835  -30.0000
   -16.000   -0.4352   -0.7858   -0.6062  -30.0000
   -15.000   -0.3803   -0.6950   -0.5336  -30.0000
   -14.000   -0.3291   -0.6099   -0.4657  -30.0000
   -13.000   -0.2817   -0.5305   -0.4025  -30.0000
   -12.000   -0.2380   -0.4568   -0.3440  -30.0000
   -11.000   -0.1980   -0.3887   -0.2901  -30.0000
   -10.000   -0.1618   -0.3262   -0.2409  -30.0000
    -9.000   -0.1293   -0.2693   -0.1963  -30.0000
    -8.000   -0.1005   -0.2178   -0.1562  -30.0000
    -7.000   -0.0754   -0.1719   -0.1208  -30.0000
    -6.000   -0.0540   -0.1315   -0.0899  -30.0000
    -5.000   -0.0363   -0.0965   -0.0635  -30.0000
    -4.000   -0.0222   -0.0669   -0.0418  -30.0000
    -3.000   -0.0119   -0.0427   -0.0245  -30.0000
    -2.000   -0.0052   -0.0240   -0.0118  -30.0000
    -1.000   -0.0023   -0.0106   -0.0036  -30.0000
     0.000   -0.0030   -0.0026    0.0000  -30.0000
     1.000   -0.0073    0.0000   -0.0009  -30.0000
     2.000   -0.0154   -0.0027   -0.0063  -30.0000
     3.000   -0.0271   -0.0108   -0.0162  -30.0000
     4.000   -0.0425   -0.0243   -0.0306  -30.0000
     5.000   -0.0616   -0.0431   -0.0496  -30.0000
     6.000   -0.0844   -0.0673   -0.0731  -30.0000
     7.000   -0.1109   -0.0969   -0.1011  -30.0000
     8.000   -0.1410   -0.1319   -0.1337  -30.0000
     9.000   -0.1749   -0.1722   -0.1708  -30.0000
    10.000   -0.2124   -0.2180   -0.2124  -30.0000
    11.000   -0.2537   -0.2692   -0.2587  -30.0000
    12.000   -0.2987   -0.3258   -0.3095  -30.0000
    13.000   -0.3474   -0.3879   -0.3649  -30.0000
    14.000   -0.3998   -0.4555   -0.4249  -30.0000
    15.000   -0.4560   -0.5286   -0.4895  -30.0000
    16.000   -0.5159   -0.6073   -0.5587  -30.0000
    17.000   -0.5796   -0.6915   -0.6326  -30.0000
    18.000   -0.6471   -0.7814   -0.7112  -30.0000
    19.000   -0.7184   -0.8769   -0.7945  -30.0000
    20.000   -0.7934   -0.9781   -0.8826  -30.0000
    21.000   -0.8724   -1.0850   -0.9753  -30.0000
    22.000   -0.9551   -1.1977   -1.0729  -30.0000
    23.000   -1.0417   -1.3163   -1.1752  -30.0000
    24.000   -1.1323   -1.4407   -1.2824  -30.0000
    25.000   -1.2267   -1.5711   -1.3945  -30.0000
    26.000   -1.3251   -1.7074   -1.5115  -30.0000
    27.000   -1.4275   -1.8499   -1.6334  -30.0000
    28.000   -1.5338   -1.9984   -1.7604  -30.0000
    29.000   -1.6442   -2.1532   -1.8923  -30.0000
    30.000   -1.7587   -2.3142   -2.0294  -30.0000
    31.000   -1.8773   -2.4815   -2.1715  -30.0000
    32.000   -2.0001   -2.6553   -2.3189  -30.0000
    33.000   -2.1270   -2.8357   -2.4715  -30.0000
    34.000   -2.2583   -3.0226   -2.6294  -29.6627
    35.000   -2.3938   -3.2162   -2.7927  -29.1983
    36.000   -2.5337   -3.4167   -2.9614  -28.7581
    37.000   -2.6781   -3.6240   -3.1357  -28.3408
    38.000   -2.8270   -3.8384   -3.3155  -27.9456
    39.000   -2.9805   -4.0599   -3.5009  -27.5716
    40.000   -3.1387   -4.2887   -3.6922  -27.2180
    41.000   -3.3016   -4.5248   -3.8892  -26.8841
    42.000   -3.4694   -4.7685   -4.0922  -26.5694
    43.000   -3.6422   -5.0198   -4.3013  -26.2734
    44.000   -3.8201   -5.2789   -4.5165  -25.9956
    45.000   -4.0032   -5.5460   -4.7380  -25.7356
    46.000   -4.1916   -5.8211   -4.9659  -25.4931
    47.000   -4.3856   -6.1045   -5.2003  -25.2679
    48.000   -4.5853   -6.3963   -5.4415  -25.0598
    49.000   -4.7908   -6.6967   -5.6894  -24.8687
    50.000   -5.0024   -7.0059   -5.9444  -24.6945
    51.000   -5.2203   -7.3240   -6.2065  -24.5371
    52.000   -5.4446   -7.6512   -6.4760  -24.3967
    53.000   -5.6758   -7.9877   -6.7531  -24.2734
    54.000   -5.9140   -8.3337   -7.0380  -24.1673
    55.000   -6.1595   -8.6893   -7.3309  -24.0787
    56.000   -6.4128   -9.0548   -7.6320  -24.0079
    57.000   -6.6742   -9.4303   -7.9418  -23.9554
    58.000   -6.9440   -9.8160   -8.2604  -23.9216
    59.000   -7.2228  -10.2121   -8.5882  -23.9072
    60.000   -7.5111  -10.6187   -8.9255  -23.9129
    61.000   -7.8094  -11.0358   -9.2727  -23.9395
    62.000   -8.1184  -11.4637   -9.6302  -23.9880
    63.000   -8.4388  -11.9024   -9.9985  -24.0597
    64.000   -8.7714  -12.3519  -10.3781  -24.1558
    65.000   -9.1170  -12.8121  -10.7695  -24.2781
    66.000   -9.4768  -13.2830  -11.1734  -24.4283
    67.000   -9.8517  -13.7643  -11.5902  -24.6088
    68.000  -10.2432  -14.2558  -12.0209  -24.8222
    69.000  -10.6527  -14.7569  -12.4663  -25.0717
    70.000  -11.0819  -15.2672  -12.9271  -25.3612
    71.000  -11.5329  -15.7858  -13.4045  -25.6952
    72.000  -12.0079  -16.3118  -13.8996  -26.0795
    73.000  -12.5096  -16.8438  -14.4137  -26.5212
    74.000  -13.0414  -17.3802  -14.9482  -27.0294
    75.000  -13.6069  -17.9190  -15.5049  -27.6156
    76.000  -14.2110  -18.4579  -16.0856  -28.2948
    77.000  -14.8594  -18.9938  -16.6926  -29.0876
    78.000  -15.5590  -19.5235  -17.3285  -30.0000
    79.000  -16.3189  -20.0429  -17.9963  -30.0000
    80.000  -17.1506  -20.5473  -18.6997  -30.0000
    81.000  -18.0693  -21.0316  -19.4430  -30.0000
    82.000  -19.0956  -21.4899  -20.2314  -30.0000
    83.000  -20.2583  -21.9162  -21.0714  -30.0000
    84.000  -21.5998  -22.3037  -21.9711  -30.0000
    85.000  -23.1856  -22.6461  -22.9407  -30.0000
    86.000  -25.1256  -22.9367  -23.9932  -30.0000
    87.000  -27.6257  -23.1698  -25.1462  -30.0000
    88.000  -30.0000  -23.3402  -26.4231  -30.0000
    89.000  -30.0000  -23.4441  -27.8573  -30.0000
    90.000  -30.0000  -23.4790  -29.4968  -29.4968




