 [antenna_chara1.dat]

 >>---------PARA ---------<< ** >>------- Impedance -------- ------<< ** >>------ Max-Direction Gain(dB) ----<< ** >>---- 0(deg)-Gain(dB) ----<<
         para1         para2 **    Zin.re    Zin.im  VSWR-50  VSWR-75 **    Angle       EƒÆ       EƒÓ   EƒÆ+EƒÓ **       EƒÆ       EƒÓ   EƒÆ+EƒÓ
      0.488449      0.046245 **    115.92   -172.57    7.759    5.434 **   30.000     7.991   -10.259     8.056 **    -9.465   -16.377    -8.660
      0.488449      0.046245 **    115.94   -170.96    7.661    5.368 **   30.000     7.986   -10.244     8.051 **    -9.492   -16.406    -8.688
      0.488449      0.046245 **    115.97   -169.37    7.566    5.303 **   30.000     7.981   -10.228     8.046 **    -9.518   -16.434    -8.713
      0.488449      0.046245 **    116.02   -167.80    7.471    5.238 **   30.000     7.976   -10.209     8.041 **    -9.541   -16.460    -8.738
      0.488449      0.046245 **    116.08   -166.24    7.378    5.175 **   30.000     7.970   -10.189     8.036 **    -9.564   -16.484    -8.760
      0.488449      0.046245 **    116.17   -164.70    7.287    5.112 **   30.000     7.964   -10.166     8.031 **    -9.585   -16.508    -8.782
      0.488449      0.046245 **    116.27   -163.18    7.197    5.051 **   30.000     7.958   -10.141     8.025 **    -9.604   -16.530    -8.802
      0.488449      0.046245 **    116.39   -161.67    7.108    4.990 **   30.000     7.952   -10.114     8.019 **    -9.622   -16.550    -8.820
      0.488449      0.046245 **    116.52   -160.18    7.021    4.930 **   30.000     7.945   -10.084     8.013 **    -9.639   -16.569    -8.837
      0.488449      0.046245 **    116.68   -158.71    6.936    4.872 **   30.000     7.938   -10.053     8.007 **    -9.655   -16.586    -8.853
      0.488449      0.046245 **    116.85   -157.25    6.852    4.814 **   30.000     7.931   -10.019     8.000 **    -9.669   -16.602    -8.868
      0.488449      0.046245 **    117.03   -155.82    6.769    4.757 **   30.000     7.924    -9.982     7.994 **    -9.682   -16.616    -8.881
      0.488449      0.046245 **    117.23   -154.39    6.688    4.701 **   30.000     7.916    -9.943     7.987 **    -9.694   -16.629    -8.893
      0.488449      0.046245 **    117.45   -152.99    6.609    4.646 **   30.000     7.909    -9.902     7.980 **    -9.705   -16.640    -8.904
      0.488449      0.046245 **    117.69   -151.60    6.531    4.592 **   30.000     7.901    -9.859     7.973 **    -9.715   -16.649    -8.914
      0.488449      0.046245 **    117.94   -150.22    6.455    4.539 **   30.000     7.893    -9.812     7.966 **    -9.724   -16.656    -8.922
      0.488449      0.046245 **    118.20   -148.87    6.380    4.488 **   30.000     7.884    -9.764     7.958 **    -9.732   -16.662    -8.930
      0.488449      0.046245 **    118.49   -147.53    6.307    4.437 **   30.000     7.876    -9.713     7.951 **    -9.739   -16.666    -8.937
      0.488449      0.046245 **    118.79   -146.20    6.235    4.387 **   30.000     7.867    -9.659     7.943 **    -9.745   -16.669    -8.943
      0.488449      0.046245 **    119.10   -144.90    6.165    4.338 **   30.000     7.858    -9.603     7.935 **    -9.751   -16.670    -8.947
      0.488449      0.046245 **    119.43   -143.61    6.097    4.290 **   30.000     7.849    -9.544     7.928 **    -9.756   -16.669    -8.951
      0.488449      0.046245 **    119.77   -142.34    6.030    4.243 **   30.000     7.840    -9.482     7.920 **    -9.760   -16.666    -8.954
      0.488449      0.046245 **    120.13   -141.08    5.965    4.197 **   30.000     7.830    -9.418     7.911 **    -9.764   -16.661    -8.957
      0.488449      0.046245 **    120.51   -139.84    5.901    4.152 **   30.000     7.821    -9.352     7.903 **    -9.767   -16.655    -8.958
      0.488449      0.046245 **    120.90   -138.62    5.839    4.108 **   30.000     7.811    -9.282     7.895 **    -9.770   -16.647    -8.959
      0.488449      0.046245 **    121.31   -137.42    5.779    4.065 **   30.000     7.801    -9.210     7.887 **    -9.773   -16.637    -8.960
      0.488449      0.046245 **    121.73   -136.23    5.720    4.024 **   30.000     7.791    -9.136     7.878 **    -9.774   -16.626    -8.959
      0.488449      0.046245 **    122.16   -135.07    5.663    3.983 **   30.000     7.781    -9.058     7.870 **    -9.776   -16.613    -8.958
      0.488449      0.046245 **    122.61   -133.92    5.607    3.943 **   30.000     7.770    -8.979     7.861 **    -9.777   -16.598    -8.957
      0.488449      0.046245 **    123.08   -132.78    5.553    3.904 **   30.000     7.760    -8.896     7.852 **    -9.778   -16.581    -8.955
      0.488449      0.046245 **    123.56   -131.67    5.500    3.867 **   30.000     7.749    -8.811     7.844 **    -9.779   -16.563    -8.952
      0.488449      0.046245 **    124.06   -130.58    5.450    3.830 **   30.000     7.738    -8.723     7.835 **    -9.780   -16.543    -8.949
      0.488449      0.046245 **    124.57   -129.50    5.400    3.795 **   30.000     7.727    -8.633     7.826 **    -9.780   -16.522    -8.946
      0.488449      0.046245 **    125.09   -128.45    5.353    3.760 **   30.000     7.716    -8.540     7.817 **    -9.781   -16.499    -8.942
      0.488449      0.046245 **    125.63   -127.41    5.306    3.727 **   30.000     7.704    -8.444     7.808 **    -9.781   -16.474    -8.938
      0.488449      0.046245 **    126.18   -126.40    5.262    3.694 **   30.000     7.693    -8.346     7.800 **    -9.781   -16.448    -8.934
      0.488449      0.046245 **    126.75   -125.40    5.219    3.663 **   30.000     7.681    -8.245     7.791 **    -9.782   -16.421    -8.929
      0.488449      0.046245 **    127.33   -124.43    5.178    3.633 **   30.000     7.669    -8.141     7.782 **    -9.782   -16.392    -8.925
      0.488449      0.046245 **    127.93   -123.47    5.138    3.603 **   30.000     7.657    -8.035     7.773 **    -9.783   -16.361    -8.920
      0.488449      0.046245 **    128.54   -122.54    5.100    3.575 **   30.000     7.645    -7.926     7.764 **    -9.783   -16.329    -8.914
      0.488449      0.046245 **    129.16   -121.63    5.064    3.548 **   30.000     7.633    -7.814     7.755 **    -9.784   -16.296    -8.909
      0.488449      0.046245 **    129.80   -120.75    5.029    3.522 **   30.000     7.621    -7.700     7.747 **    -9.785   -16.261    -8.904
      0.488449      0.046245 **    130.45   -119.88    4.996    3.497 **   30.000     7.608    -7.583     7.738 **    -9.787   -16.225    -8.898
      0.488449      0.046245 **    131.12   -119.04    4.964    3.473 **   30.000     7.596    -7.464     7.729 **    -9.788   -16.187    -8.892
      0.488449      0.046245 **    131.80   -118.23    4.934    3.451 **   30.000     7.583    -7.342     7.721 **    -9.790   -16.149    -8.887
      0.488449      0.046245 **    132.49   -117.44    4.905    3.429 **   30.000     7.570    -7.217     7.712 **    -9.792   -16.109    -8.881
      0.488449      0.046245 **    133.19   -116.68    4.878    3.408 **   30.000     7.557    -7.090     7.704 **    -9.795   -16.068    -8.875
      0.488449      0.046245 **    133.91   -115.94    4.853    3.389 **   30.000     7.544    -6.960     7.696 **    -9.798   -16.026    -8.869
      0.488449      0.046245 **    134.64   -115.23    4.830    3.371 **   30.000     7.531    -6.827     7.687 **    -9.801   -15.983    -8.864
      0.488449      0.046245 **    135.38   -114.55    4.808    3.353 **   30.000     7.518    -6.691     7.679 **    -9.805   -15.938    -8.858
      0.488449      0.046245 **    136.13   -113.90    4.787    3.337 **   30.000     7.504    -6.553     7.672 **    -9.809   -15.893    -8.853
      0.488449      0.046245 **    136.90   -113.28    4.768    3.322 **   30.000     7.491    -6.412     7.664 **    -9.814   -15.847    -8.847
      0.488449      0.046245 **    137.67   -112.69    4.751    3.308 **   30.000     7.477    -6.269     7.656 **    -9.819   -15.799    -8.842
      0.488449      0.046245 **    138.45   -112.14    4.735    3.295 **   30.000     7.463    -6.122     7.649 **    -9.825   -15.751    -8.837
      0.488449      0.046245 **    139.25   -111.61    4.721    3.284 **   30.000     7.449    -5.973     7.642 **    -9.831   -15.702    -8.832
      0.488449      0.046245 **    140.05   -111.12    4.709    3.273 **   30.000     7.434    -5.821     7.635 **    -9.839   -15.652    -8.827
      0.488449      0.046245 **    140.86   -110.67    4.698    3.264 **   30.000     7.420    -5.666     7.628 **    -9.846   -15.602    -8.823
      0.488449      0.046245 **    141.68   -110.26    4.689    3.255 **   30.000     7.405    -5.508     7.622 **    -9.855   -15.550    -8.819
      0.488449      0.046245 **    142.50   -109.88    4.682    3.248 **   30.000     7.391    -5.347     7.616 **    -9.864   -15.498    -8.815
      0.488449      0.046245 **    143.34   -109.55    4.676    3.242 **   30.000     7.376    -5.183     7.610 **    -9.873   -15.445    -8.811
      0.488449      0.046245 **    144.17   -109.25    4.672    3.238 **   30.000     7.361    -5.016     7.605 **    -9.884   -15.392    -8.807
      0.488449      0.046245 **    145.01   -109.00    4.670    3.234 **   30.000     7.345    -4.846     7.600 **    -9.895   -15.338    -8.804
      0.488449      0.046245 **    145.85   -108.80    4.669    3.232 **   30.000     7.330    -4.673     7.595 **    -9.908   -15.283    -8.802
      0.488449      0.046245 **    146.69   -108.64    4.670    3.230 **   30.000     7.314    -4.496     7.591 **    -9.921   -15.228    -8.799
      0.488449      0.046245 **    147.52   -108.53    4.672    3.230 **   30.000     7.298    -4.316     7.587 **    -9.934   -15.173    -8.797
      0.488449      0.046245 **    148.36   -108.48    4.677    3.232 **   30.000     7.281    -4.133     7.584 **    -9.949   -15.117    -8.796
      0.488449      0.046245 **    149.18   -108.47    4.683    3.234 **   30.000     7.265    -3.946     7.582 **    -9.965   -15.060    -8.794
      0.488449      0.046245 **    150.00   -108.52    4.691    3.238 **   30.000     7.248    -3.756     7.579 **    -9.982   -15.004    -8.794
      0.488449      0.046245 **    150.81   -108.63    4.700    3.243 **   30.000     7.230    -3.562     7.578 **   -10.000   -14.947    -8.794
      0.488449      0.046245 **    151.60   -108.80    4.711    3.250 **   30.000     7.213    -3.364     7.577 **   -10.019   -14.889    -8.794
      0.488449      0.046245 **    152.38   -109.04    4.724    3.257 **   30.000     7.195    -3.162     7.577 **   -10.039   -14.832    -8.795
      0.488449      0.046245 **    153.13   -109.33    4.739    3.266 **   30.000     7.176    -2.957     7.578 **   -10.060   -14.774    -8.796
      0.488449      0.046245 **    153.86   -109.70    4.756    3.277 **   30.000     7.157    -2.747     7.580 **   -10.083   -14.717    -8.799
      0.488449      0.046245 **    154.55   -110.13    4.775    3.288 **   30.000     7.137    -2.533     7.582 **   -10.107   -14.659    -8.802
      0.488449      0.046245 **    155.21   -110.64    4.795    3.301 **   30.000     7.117    -2.314     7.586 **   -10.132   -14.601    -8.805
      0.488449      0.046245 **    155.82   -111.21    4.817    3.316 **   30.000     7.096    -2.091     7.590 **   -10.159   -14.544    -8.810
      0.488449      0.046245 **    156.39   -111.87    4.841    3.332 **   30.000     7.074    -1.864     7.596 **   -10.187   -14.487    -8.815
      0.488449      0.046245 **    156.89   -112.60    4.867    3.349 **   30.000     7.051    -1.631     7.603 **   -10.217   -14.430    -8.821
      0.488449      0.046245 **    157.33   -113.42    4.895    3.368 **   30.000     7.028    -1.394     7.611 **   -10.248   -14.373    -8.828
      0.488449      0.046245 **    157.70   -114.31    4.925    3.388 **   30.000     7.003    -1.151     7.621 **   -10.281   -14.318    -8.836
      0.488449      0.046245 **    157.97   -115.29    4.957    3.410 **   30.000     6.977    -0.903     7.633 **   -10.316   -14.262    -8.846
      0.488449      0.046245 **    158.15   -116.34    4.990    3.433 **   30.000     6.950    -0.650     7.646 **   -10.354   -14.208    -8.856
      0.488449      0.046245 **    158.22   -117.48    5.026    3.457 **   30.000     6.921    -0.391     7.661 **   -10.393   -14.155    -8.868
      0.488449      0.046245 **    158.16   -118.69    5.063    3.483 **   30.000     6.890    -0.126     7.678 **   -10.434   -14.103    -8.882
      0.488449      0.046245 **    157.96   -119.97    5.102    3.511 **   30.000     6.858     0.145     7.697 **   -10.478   -14.052    -8.897
      0.488449      0.046245 **    157.60   -121.32    5.143    3.540 **   30.000     6.823     0.422     7.718 **   -10.524   -14.004    -8.914
      0.488449      0.046245 **    157.07   -122.73    5.185    3.570 **   30.000     6.785     0.705     7.742 **   -10.573   -13.957    -8.933
      0.488449      0.046245 **    156.34   -124.19    5.228    3.602 **   30.000     6.744     0.994     7.769 **   -10.625   -13.913    -8.955
      0.488449      0.046245 **    155.40   -125.68    5.273    3.635 **   30.000     6.700     1.290     7.799 **   -10.680   -13.872    -8.979
      0.488449      0.046245 **    154.23   -127.18    5.318    3.668 **   30.000     6.652     1.592     7.831 **   -10.737   -13.835    -9.005
      0.488449      0.046245 **    152.80   -128.68    5.364    3.703 **   30.000     6.600     1.900     7.867 **   -10.798   -13.802    -9.035
      0.488449      0.046245 **    151.10   -130.14    5.410    3.738 **   30.000     6.542     2.215     7.907 **   -10.863   -13.773    -9.068
      0.488449      0.046245 **    149.10   -131.54    5.455    3.773 **   30.000     6.478     2.536     7.950 **   -10.931   -13.751    -9.106
      0.488449      0.046245 **    146.81   -132.82    5.498    3.808 **   30.000     6.407     2.862     7.997 **   -11.002   -13.736    -9.147
      0.488449      0.046245 **    144.19   -133.96    5.539    3.842 **   30.000     6.328     3.194     8.048 **   -11.077   -13.729    -9.193
      0.488449      0.046245 **    141.26   -134.90    5.576    3.874 **   30.000     6.240     3.530     8.103 **   -11.156   -13.732    -9.245
      0.488449      0.046245 **    138.01   -135.58    5.608    3.903 **   30.000     6.141     3.869     8.162 **   -11.237   -13.747    -9.303
      0.488449      0.046245 **    134.45   -135.94    5.632    3.928 **   30.000     6.030     4.210     8.225 **   -11.321   -13.775    -9.367
      0.488449      0.046245 **    130.62   -135.91    5.647    3.948 **   30.000     5.904     4.551     8.290 **   -11.407   -13.820    -9.437
      0.488449      0.046245 **    126.55   -135.45    5.649    3.960 **   30.000     5.763     4.890     8.359 **   -11.493   -13.884    -9.515
      0.488449      0.046245 **    122.30   -134.48    5.635    3.963 **   30.000     5.604     5.224     8.428 **   -11.577   -13.970    -9.601
      0.488449      0.046245 **    117.93   -132.96    5.602    3.954 **  -30.000     4.135     5.642     7.964 **   -11.659   -14.083    -9.693
      0.488449      0.046245 **    113.52   -130.84    5.547    3.931 **  -30.000     3.867     5.955     8.046 **   -11.733   -14.225    -9.793
      0.488449      0.046245 **    109.17   -128.10    5.465    3.890 **  -30.000     3.577     6.252     8.127 **   -11.798   -14.400    -9.897
      0.488449      0.046245 **    104.99   -124.73    5.353    3.829 **  -30.000     3.269     6.525     8.205 **   -11.849   -14.612   -10.004
      0.488449      0.046245 **    101.07   -120.74    5.209    3.746 **  -30.000     2.952     6.769     8.277 **   -11.882   -14.863   -10.111
      0.488449      0.046245 **     97.53   -116.18    5.033    3.640 **  -30.000     2.639     6.979     8.340 **   -11.893   -15.151   -10.213
      0.488449      0.046245 **     94.45   -111.11    4.825    3.511 **  -30.000     2.348     7.147     8.389 **   -11.880   -15.474   -10.305
      0.488449      0.046245 **     91.92   -105.60    4.591    3.362 **  -30.000     2.102     7.269     8.423 **   -11.842   -15.823   -10.381
      0.488449      0.046245 **     89.99    -99.75    4.336    3.194 **  -30.000     1.925     7.339     8.437 **   -11.781   -16.184   -10.437
      0.488449      0.046245 **     88.71    -93.65    4.070    3.015 **  -29.000     1.843     7.356     8.432 **   -11.700   -16.537   -10.467
      0.488449      0.046245 **     88.09    -87.43    3.802    2.829 **  -29.000     1.846     7.319     8.403 **   -11.605   -16.856   -10.471
      0.488449      0.046245 **     88.13    -81.17    3.543    2.645 **  -29.000     1.940     7.228     8.354 **   -11.502   -17.114   -10.448
      0.488449      0.046245 **     88.81    -74.97    3.302    2.467 **  -29.000     2.110     7.086     8.285 **   -11.397   -17.289   -10.402
      0.488449      0.046245 **     90.07    -68.92    3.087    2.302 **  -29.000     2.334     6.897     8.199 **   -11.297   -17.366   -10.337
      0.488449      0.046245 **     91.88    -63.09    2.904    2.155 **  -29.000     2.589     6.668     8.101 **   -11.204   -17.345   -10.259
      0.488449      0.046245 **     94.18    -57.53    2.754    2.027 **  -29.000     2.857     6.403     7.993 **   -11.123   -17.235   -10.172
      0.488449      0.046245 **     96.90    -52.28    2.639    1.922 **  -29.000     3.121     6.110     7.878 **   -11.054   -17.056   -10.081
      0.488449      0.046245 **     99.98    -47.37    2.557    1.838 **  -29.000     3.373     5.794     7.761 **   -10.999   -16.827    -9.991
      0.488449      0.046245 **    103.35    -42.81    2.507    1.778 **  -29.000     3.606     5.461     7.643 **   -10.957   -16.569    -9.903
      0.488449      0.046245 **    106.98    -38.62    2.483    1.738 **  -29.000     3.819     5.116     7.526 **   -10.928   -16.296    -9.820
      0.488449      0.046245 **    110.79    -34.78    2.483    1.718 **  -29.000     4.009     4.762     7.412 **   -10.909   -16.020    -9.742
      0.488449      0.046245 **    114.76    -31.30    2.502    1.714 **  -29.000     4.179     4.403     7.303 **   -10.902   -15.750    -9.671
      0.488449      0.046245 **    118.83    -28.15    2.536    1.725 **   28.000     4.503     3.833     7.192 **   -10.903   -15.488    -9.606
      0.488449      0.046245 **    122.98    -25.32    2.583    1.746 **   28.000     4.623     3.472     7.096 **   -10.912   -15.239    -9.547
      0.488449      0.046245 **    127.17    -22.80    2.639    1.777 **   28.000     4.731     3.112     7.007 **   -10.929   -15.004    -9.494
      0.488449      0.046245 **    131.39    -20.56    2.703    1.814 **   28.000     4.828     2.755     6.925 **   -10.951   -14.782    -9.447
      0.488449      0.046245 **    135.61    -18.58    2.771    1.856 **   28.000     4.916     2.403     6.849 **   -10.980   -14.573    -9.404
      0.488449      0.046245 **    139.82    -16.86    2.843    1.902 **   28.000     4.994     2.055     6.779 **   -11.013   -14.377    -9.367
      0.488449      0.046245 **    144.00    -15.37    2.917    1.950 **   28.000     5.064     1.712     6.714 **   -11.050   -14.193    -9.333
      0.488449      0.046245 **    148.15    -14.09    2.993    1.999 **   28.000     5.127     1.375     6.654 **   -11.091   -14.020    -9.302
      0.488449      0.046245 **    152.27    -13.00    3.070    2.050 **   28.000     5.183     1.044     6.599 **   -11.135   -13.856    -9.276
      0.488449      0.046245 **    156.33    -12.10    3.148    2.101 **   28.000     5.233     0.719     6.548 **   -11.182   -13.702    -9.252
      0.488449      0.046245 **    160.35    -11.38    3.225    2.152 **   28.000     5.277     0.400     6.500 **   -11.232   -13.556    -9.230
      0.488449      0.046245 **    164.31    -10.81    3.302    2.203 **   28.000     5.317     0.087     6.456 **   -11.285   -13.418    -9.211
      0.488449      0.046245 **    168.22    -10.39    3.379    2.254 **   28.000     5.353    -0.221     6.415 **   -11.339   -13.287    -9.194
      0.488449      0.046245 **    172.08    -10.10    3.455    2.304 **   28.000     5.385    -0.523     6.377 **   -11.396   -13.161    -9.179
      0.488449      0.046245 **    175.88     -9.95    3.530    2.354 **   28.000     5.413    -0.819     6.340 **   -11.455   -13.042    -9.166
      0.488449      0.046245 **    179.63     -9.91    3.604    2.404 **   28.000     5.438    -1.110     6.307 **   -11.515   -12.927    -9.154
      0.488449      0.046245 **    183.32     -9.99    3.678    2.453 **   28.000     5.460    -1.396     6.275 **   -11.578   -12.817    -9.143
      0.488449      0.046245 **    186.96    -10.18    3.751    2.502 **   28.000     5.480    -1.676     6.245 **   -11.641   -12.712    -9.133
      0.488449      0.046245 **    190.54    -10.47    3.823    2.550 **   28.000     5.498    -1.952     6.216 **   -11.707   -12.610    -9.125
      0.488449      0.046245 **    194.08    -10.86    3.895    2.597 **   28.000     5.513    -2.224     6.189 **   -11.774   -12.512    -9.117
      0.488449      0.046245 **    197.56    -11.34    3.965    2.644 **   28.000     5.527    -2.491     6.163 **   -11.843   -12.417    -9.110
      0.488449      0.046245 **    201.00    -11.91    4.035    2.691 **   28.000     5.538    -2.753     6.139 **   -11.913   -12.325    -9.104
      0.488449      0.046245 **    204.38    -12.56    4.104    2.737 **   28.000     5.549    -3.012     6.115 **   -11.985   -12.236    -9.098
      0.488449      0.046245 **    207.72    -13.30    4.173    2.783 **   28.000     5.558    -3.267     6.093 **   -12.058   -12.150    -9.093
      0.488449      0.046245 **    211.02    -14.12    4.240    2.828 **   29.000     5.566    -3.455     6.078 **   -12.132   -12.066    -9.089
      0.488449      0.046245 **    214.26    -15.02    4.307    2.873 **   29.000     5.573    -3.703     6.058 **   -12.208   -11.984    -9.084
      0.488449      0.046245 **    217.46    -15.99    4.374    2.917 **   29.000     5.579    -3.948     6.038 **   -12.286   -11.904    -9.080
      0.488449      0.046245 **    220.62    -17.04    4.440    2.961 **   29.000     5.584    -4.190     6.019 **   -12.364   -11.826    -9.076
      0.488449      0.046245 **    223.73    -18.15    4.506    3.005 **   29.000     5.588    -4.429     6.000 **   -12.445   -11.749    -9.073
      0.488449      0.046245 **    226.80    -19.34    4.571    3.049 **   29.000     5.591    -4.664     5.982 **   -12.526   -11.675    -9.069
      0.488449      0.046245 **    229.83    -20.60    4.635    3.092 **   29.000     5.593    -4.898     5.965 **   -12.610   -11.601    -9.066
      0.488449      0.046245 **    232.81    -21.93    4.700    3.135 **   29.000     5.595    -5.129     5.948 **   -12.694   -11.530    -9.063
      0.488449      0.046245 **    235.75    -23.33    4.763    3.178 **   29.000     5.596    -5.357     5.932 **   -12.780   -11.459    -9.059
      0.488449      0.046245 **    238.65    -24.79    4.827    3.220 **   29.000     5.597    -5.583     5.916 **   -12.868   -11.390    -9.056
      0.488449      0.046245 **    241.50    -26.32    4.890    3.262 **   29.000     5.597    -5.808     5.900 **   -12.957   -11.322    -9.053
      0.488449      0.046245 **    244.31    -27.92    4.953    3.304 **   29.000     5.597    -6.030     5.885 **   -13.048   -11.255    -9.049
      0.488449      0.046245 **    247.07    -29.58    5.015    3.346 **   29.000     5.596    -6.250     5.871 **   -13.140   -11.190    -9.046
      0.488449      0.046245 **    249.79    -31.30    5.077    3.388 **   29.000     5.594    -6.469     5.856 **   -13.233   -11.125    -9.042
      0.488449      0.046245 **    252.46    -33.09    5.139    3.429 **   29.000     5.593    -6.686     5.842 **   -13.329   -11.061    -9.038
      0.488449      0.046245 **    255.09    -34.94    5.201    3.471 **   29.000     5.591    -6.902     5.829 **   -13.426   -10.998    -9.034
      0.488449      0.046245 **    257.66    -36.85    5.263    3.512 **   29.000     5.588    -7.117     5.815 **   -13.524   -10.936    -9.030
      0.488449      0.046245 **    260.20    -38.82    5.324    3.553 **   29.000     5.585    -7.330     5.802 **   -13.624   -10.874    -9.025
      0.488449      0.046245 **    262.68    -40.86    5.385    3.594 **   29.000     5.582    -7.542     5.789 **   -13.726   -10.814    -9.020
      0.488449      0.046245 **    265.11    -42.95    5.446    3.635 **   29.000     5.579    -7.753     5.776 **   -13.830   -10.754    -9.015
      0.488449      0.046245 **    267.49    -45.10    5.507    3.676 **   29.000     5.576    -7.963     5.764 **   -13.935   -10.695    -9.009
      0.488449      0.046245 **    269.82    -47.32    5.568    3.717 **   29.000     5.572    -8.172     5.752 **   -14.042   -10.636    -9.003
      0.488449      0.046245 **    272.09    -49.59    5.629    3.758 **   29.000     5.568    -8.381     5.740 **   -14.150   -10.578    -8.997
      0.488449      0.046245 **    274.31    -51.92    5.689    3.799 **   29.000     5.564    -8.589     5.728 **   -14.261   -10.521    -8.990
      0.488449      0.046245 **    276.47    -54.30    5.750    3.839 **   29.000     5.560    -8.797     5.716 **   -14.373   -10.464    -8.983
      0.488449      0.046245 **    278.58    -56.74    5.810    3.880 **   29.000     5.555    -9.004     5.705 **   -14.487   -10.408    -8.975
      0.488449      0.046245 **    280.62    -59.23    5.870    3.921 **   29.000     5.551    -9.210     5.693 **   -14.602   -10.353    -8.967
      0.488449      0.046245 **    282.61    -61.78    5.931    3.961 **   29.000     5.546    -9.417     5.682 **   -14.719   -10.298    -8.958
      0.488449      0.046245 **    284.53    -64.38    5.991    4.002 **   29.000     5.541    -9.623     5.672 **   -14.839   -10.243    -8.949
      0.488449      0.046245 **    286.39    -67.03    6.051    4.042 **   29.000     5.536    -9.830     5.661 **   -14.960   -10.189    -8.939
      0.488449      0.046245 **    288.19    -69.73    6.111    4.083 **   29.000     5.531   -10.036     5.650 **   -15.082   -10.135    -8.929
      0.488449      0.046245 **    289.91    -72.48    6.171    4.123 **   29.000     5.526   -10.243     5.640 **   -15.207   -10.082    -8.918
      0.488449      0.046245 **    291.57    -75.27    6.231    4.164 **   29.000     5.521   -10.450     5.630 **   -15.333   -10.029    -8.907
      0.488449      0.046245 **    293.17    -78.11    6.291    4.204 **   29.000     5.516   -10.657     5.620 **   -15.460    -9.977    -8.895
      0.488449      0.046245 **    294.69    -80.99    6.351    4.245 **   29.000     5.511   -10.865     5.610 **   -15.590    -9.925    -8.882
      0.488449      0.046245 **    296.14    -83.92    6.411    4.285 **   29.000     5.505   -11.073     5.600 **   -15.721    -9.873    -8.869
      0.488449      0.046245 **    297.51    -86.88    6.471    4.326 **   29.000     5.500   -11.282     5.590 **   -15.854    -9.822    -8.855
      0.488449      0.046245 **    298.81    -89.89    6.531    4.367 **   29.000     5.494   -11.491     5.581 **   -15.988    -9.771    -8.841
      0.488449      0.046245 **    300.04    -92.92    6.591    4.407 **   29.000     5.489   -11.702     5.571 **   -16.123    -9.721    -8.825
      0.488449      0.046245 **    301.18    -96.00    6.651    4.448 **   29.000     5.484   -11.913     5.562 **   -16.260    -9.671    -8.809
      0.488449      0.046245 **    302.25    -99.10    6.711    4.489 **   29.000     5.478   -12.125     5.553 **   -16.398    -9.621    -8.793
      0.488449      0.046245 **    303.24   -102.24    6.771    4.529 **   29.000     5.473   -12.339     5.544 **   -16.537    -9.571    -8.775
      0.488449      0.046245 **    304.15   -105.40    6.831    4.570 **   29.000     5.467   -12.554     5.535 **   -16.677    -9.522    -8.757
      0.488449      0.046245 **    304.98   -108.58    6.892    4.611 **   29.000     5.461   -12.770     5.526 **   -16.818    -9.473    -8.738
      0.488449      0.046245 **    305.72   -111.79    6.952    4.652 **   29.000     5.456   -12.987     5.518 **   -16.959    -9.424    -8.719
      0.488449      0.046245 **    306.39   -115.02    7.012    4.693 **   29.000     5.450   -13.206     5.509 **   -17.100    -9.376    -8.698
      0.488449      0.046245 **    306.96   -118.27    7.072    4.734 **   29.000     5.445   -13.427     5.501 **   -17.242    -9.328    -8.677
      0.488449      0.046245 **    307.46   -121.54    7.132    4.774 **   29.000     5.439   -13.650     5.493 **   -17.383    -9.280    -8.655
      0.488449      0.046245 **    307.87   -124.81    7.193    4.815 **   30.000     5.434   -13.785     5.486 **   -17.524    -9.233    -8.632
      0.488449      0.046245 **    308.19   -128.10    7.253    4.857 **   30.000     5.430   -14.007     5.479 **   -17.664    -9.185    -8.609
      0.488449      0.046245 **    308.43   -131.39    7.313    4.898 **   30.000     5.425   -14.232     5.472 **   -17.802    -9.138    -8.585
      0.488449      0.046245 **    308.58   -134.69    7.374    4.939 **   30.000     5.420   -14.458     5.465 **   -17.939    -9.092    -8.559
      0.488449      0.046245 **    308.64   -137.99    7.434    4.980 **   30.000     5.415   -14.686     5.458 **   -18.073    -9.045    -8.533
