 [antenna_chara2.dat]

 >>------------------PARA ---------------<< ** >>------- Impedance -------- ------<< ** >>-------    Max Direction Gain&AR(dB) -----<< ** >>------  0(deg) Gain&AR(dB)  -----<<
         para1         para2          para3          para4          para5          para6          para7  **    Zin.re    Zin.im  VSWR-50  VSWR-75 **      Angle        Er        El       Er+El      AR **         Er         El        Er+El       AR
      0.488449      0.046245      0.250000      0.094677      0.900000      2.030416      0.442204 **    115.92   -172.57    7.759    5.434 **   30.000     5.900     3.981     8.056  19.173 **    -9.772   -15.121    -8.660  10.500
      0.488449      0.046245      0.250000      0.094677      0.901000      2.030416      0.442204 **    115.94   -170.96    7.661    5.368 **   30.000     5.901     3.967     8.051  19.105 **    -9.796   -15.160    -8.688  10.478
      0.488449      0.046245      0.250000      0.094677      0.902000      2.030416      0.442204 **    115.97   -169.37    7.566    5.303 **   30.000     5.902     3.953     8.046  19.036 **    -9.819   -15.196    -8.713  10.458
      0.488449      0.046245      0.250000      0.094677      0.903000      2.030416      0.442204 **    116.02   -167.80    7.471    5.238 **   30.000     5.903     3.938     8.041  18.966 **    -9.841   -15.229    -8.738  10.440
      0.488449      0.046245      0.250000      0.094677      0.904000      2.030416      0.442204 **    116.08   -166.24    7.378    5.175 **   30.000     5.904     3.923     8.036  18.895 **    -9.861   -15.260    -8.760  10.424
      0.488449      0.046245      0.250000      0.094677      0.905000      2.030416      0.442204 **    116.17   -164.70    7.287    5.112 **   30.000     5.905     3.907     8.031  18.823 **    -9.880   -15.289    -8.782  10.410
      0.488449      0.046245      0.250000      0.094677      0.906000      2.030416      0.442204 **    116.27   -163.18    7.197    5.051 **   30.000     5.906     3.891     8.025  18.749 **    -9.899   -15.315    -8.802  10.398
      0.488449      0.046245      0.250000      0.094677      0.907000      2.030416      0.442204 **    116.39   -161.67    7.108    4.990 **   30.000     5.907     3.874     8.019  18.674 **    -9.916   -15.338    -8.820  10.388
      0.488449      0.046245      0.250000      0.094677      0.908000      2.030416      0.442204 **    116.52   -160.18    7.021    4.930 **   30.000     5.908     3.857     8.013  18.598 **    -9.931   -15.360    -8.837  10.380
      0.488449      0.046245      0.250000      0.094677      0.909000      2.030416      0.442204 **    116.68   -158.71    6.936    4.872 **   30.000     5.909     3.840     8.007  18.521 **    -9.946   -15.379    -8.853  10.374
      0.488449      0.046245      0.250000      0.094677      0.910000      2.030416      0.442204 **    116.85   -157.25    6.852    4.814 **   30.000     5.910     3.822     8.000  18.443 **    -9.960   -15.396    -8.868  10.369
      0.488449      0.046245      0.250000      0.094677      0.911000      2.030416      0.442204 **    117.03   -155.82    6.769    4.757 **   30.000     5.911     3.803     7.994  18.363 **    -9.973   -15.411    -8.881  10.365
      0.488449      0.046245      0.250000      0.094677      0.912000      2.030416      0.442204 **    117.23   -154.39    6.688    4.701 **   30.000     5.911     3.784     7.987  18.282 **    -9.985   -15.424    -8.893  10.363
      0.488449      0.046245      0.250000      0.094677      0.913000      2.030416      0.442204 **    117.45   -152.99    6.609    4.646 **   30.000     5.912     3.764     7.980  18.200 **    -9.995   -15.435    -8.904  10.363
      0.488449      0.046245      0.250000      0.094677      0.914000      2.030416      0.442204 **    117.69   -151.60    6.531    4.592 **   30.000     5.913     3.744     7.973  18.117 **   -10.005   -15.445    -8.914  10.363
      0.488449      0.046245      0.250000      0.094677      0.915000      2.030416      0.442204 **    117.94   -150.22    6.455    4.539 **   30.000     5.914     3.724     7.966  18.032 **   -10.014   -15.453    -8.922  10.365
      0.488449      0.046245      0.250000      0.094677      0.916000      2.030416      0.442204 **    118.20   -148.87    6.380    4.488 **   30.000     5.915     3.702     7.958  17.946 **   -10.022   -15.459    -8.930  10.367
      0.488449      0.046245      0.250000      0.094677      0.917000      2.030416      0.442204 **    118.49   -147.53    6.307    4.437 **   30.000     5.916     3.681     7.951  17.859 **   -10.030   -15.464    -8.937  10.371
      0.488449      0.046245      0.250000      0.094677      0.918000      2.030416      0.442204 **    118.79   -146.20    6.235    4.387 **   30.000     5.917     3.659     7.943  17.770 **   -10.036   -15.467    -8.943  10.375
      0.488449      0.046245      0.250000      0.094677      0.919000      2.030416      0.442204 **    119.10   -144.90    6.165    4.338 **   30.000     5.918     3.636     7.935  17.680 **   -10.042   -15.470    -8.947  10.381
      0.488449      0.046245      0.250000      0.094677      0.920000      2.030416      0.442204 **    119.43   -143.61    6.097    4.290 **   30.000     5.919     3.613     7.928  17.589 **   -10.046   -15.471    -8.951  10.386
      0.488449      0.046245      0.250000      0.094677      0.921000      2.030416      0.442204 **    119.77   -142.34    6.030    4.243 **   30.000     5.920     3.589     7.920  17.496 **   -10.051   -15.470    -8.954  10.393
      0.488449      0.046245      0.250000      0.094677      0.922000      2.030416      0.442204 **    120.13   -141.08    5.965    4.197 **   30.000     5.922     3.565     7.911  17.402 **   -10.054   -15.469    -8.957  10.400
      0.488449      0.046245      0.250000      0.094677      0.923000      2.030416      0.442204 **    120.51   -139.84    5.901    4.152 **   30.000     5.923     3.540     7.903  17.307 **   -10.057   -15.467    -8.958  10.407
      0.488449      0.046245      0.250000      0.094677      0.924000      2.030416      0.442204 **    120.90   -138.62    5.839    4.108 **   30.000     5.925     3.514     7.895  17.210 **   -10.059   -15.464    -8.959  10.415
      0.488449      0.046245      0.250000      0.094677      0.925000      2.030416      0.442204 **    121.31   -137.42    5.779    4.065 **   30.000     5.927     3.488     7.887  17.112 **   -10.060   -15.460    -8.960  10.422
      0.488449      0.046245      0.250000      0.094677      0.926000      2.030416      0.442204 **    121.73   -136.23    5.720    4.024 **   30.000     5.928     3.462     7.878  17.012 **   -10.061   -15.456    -8.959  10.430
      0.488449      0.046245      0.250000      0.094677      0.927000      2.030416      0.442204 **    122.16   -135.07    5.663    3.983 **   30.000     5.930     3.434     7.870  16.911 **   -10.061   -15.451    -8.958  10.438
      0.488449      0.046245      0.250000      0.094677      0.928000      2.030416      0.442204 **    122.61   -133.92    5.607    3.943 **   30.000     5.933     3.406     7.861  16.808 **   -10.061   -15.445    -8.957  10.446
      0.488449      0.046245      0.250000      0.094677      0.929000      2.030416      0.442204 **    123.08   -132.78    5.553    3.904 **   30.000     5.935     3.378     7.852  16.704 **   -10.060   -15.439    -8.955  10.454
      0.488449      0.046245      0.250000      0.094677      0.930000      2.030416      0.442204 **    123.56   -131.67    5.500    3.867 **   30.000     5.938     3.349     7.844  16.598 **   -10.059   -15.433    -8.952  10.461
      0.488449      0.046245      0.250000      0.094677      0.931000      2.030416      0.442204 **    124.06   -130.58    5.450    3.830 **   30.000     5.941     3.319     7.835  16.491 **   -10.057   -15.426    -8.949  10.469
      0.488449      0.046245      0.250000      0.094677      0.932000      2.030416      0.442204 **    124.57   -129.50    5.400    3.795 **   30.000     5.944     3.288     7.826  16.382 **   -10.055   -15.419    -8.946  10.476
      0.488449      0.046245      0.250000      0.094677      0.933000      2.030416      0.442204 **    125.09   -128.45    5.353    3.760 **   30.000     5.947     3.257     7.817  16.271 **   -10.052   -15.412    -8.942  10.483
      0.488449      0.046245      0.250000      0.094677      0.934000      2.030416      0.442204 **    125.63   -127.41    5.306    3.727 **   30.000     5.950     3.225     7.808  16.159 **   -10.049   -15.405    -8.938  10.489
      0.488449      0.046245      0.250000      0.094677      0.935000      2.030416      0.442204 **    126.18   -126.40    5.262    3.694 **   30.000     5.954     3.192     7.800  16.045 **   -10.045   -15.398    -8.934  10.495
      0.488449      0.046245      0.250000      0.094677      0.936000      2.030416      0.442204 **    126.75   -125.40    5.219    3.663 **   30.000     5.958     3.159     7.791  15.929 **   -10.041   -15.391    -8.929  10.500
      0.488449      0.046245      0.250000      0.094677      0.937000      2.030416      0.442204 **    127.33   -124.43    5.178    3.633 **   30.000     5.963     3.124     7.782  15.812 **   -10.037   -15.384    -8.925  10.504
      0.488449      0.046245      0.250000      0.094677      0.938000      2.030416      0.442204 **    127.93   -123.47    5.138    3.603 **   30.000     5.968     3.089     7.773  15.692 **   -10.033   -15.377    -8.920  10.508
      0.488449      0.046245      0.250000      0.094677      0.939000      2.030416      0.442204 **    128.54   -122.54    5.100    3.575 **   30.000     5.973     3.053     7.764  15.571 **   -10.028   -15.370    -8.914  10.511
      0.488449      0.046245      0.250000      0.094677      0.940000      2.030416      0.442204 **    129.16   -121.63    5.064    3.548 **   30.000     5.978     3.016     7.755  15.448 **   -10.023   -15.363    -8.909  10.513
      0.488449      0.046245      0.250000      0.094677      0.941000      2.030416      0.442204 **    129.80   -120.75    5.029    3.522 **   30.000     5.984     2.978     7.747  15.323 **   -10.018   -15.357    -8.904  10.515
      0.488449      0.046245      0.250000      0.094677      0.942000      2.030416      0.442204 **    130.45   -119.88    4.996    3.497 **   30.000     5.991     2.939     7.738  15.197 **   -10.012   -15.351    -8.898  10.515
      0.488449      0.046245      0.250000      0.094677      0.943000      2.030416      0.442204 **    131.12   -119.04    4.964    3.473 **   30.000     5.997     2.900     7.729  15.068 **   -10.006   -15.346    -8.892  10.515
      0.488449      0.046245      0.250000      0.094677      0.944000      2.030416      0.442204 **    131.80   -118.23    4.934    3.451 **   30.000     6.004     2.859     7.721  14.937 **   -10.000   -15.341    -8.887  10.513
      0.488449      0.046245      0.250000      0.094677      0.945000      2.030416      0.442204 **    132.49   -117.44    4.905    3.429 **   30.000     6.012     2.817     7.712  14.804 **    -9.994   -15.336    -8.881  10.511
      0.488449      0.046245      0.250000      0.094677      0.946000      2.030416      0.442204 **    133.19   -116.68    4.878    3.408 **   30.000     6.020     2.774     7.704  14.669 **    -9.988   -15.333    -8.875  10.507
      0.488449      0.046245      0.250000      0.094677      0.947000      2.030416      0.442204 **    133.91   -115.94    4.853    3.389 **   30.000     6.029     2.729     7.696  14.532 **    -9.982   -15.329    -8.869  10.502
      0.488449      0.046245      0.250000      0.094677      0.948000      2.030416      0.442204 **    134.64   -115.23    4.830    3.371 **   30.000     6.038     2.684     7.687  14.392 **    -9.975   -15.327    -8.864  10.496
      0.488449      0.046245      0.250000      0.094677      0.949000      2.030416      0.442204 **    135.38   -114.55    4.808    3.353 **   30.000     6.048     2.637     7.679  14.250 **    -9.968   -15.325    -8.858  10.489
      0.488449      0.046245      0.250000      0.094677      0.950000      2.030416      0.442204 **    136.13   -113.90    4.787    3.337 **   30.000     6.058     2.589     7.672  14.106 **    -9.962   -15.324    -8.853  10.480
      0.488449      0.046245      0.250000      0.094677      0.951000      2.030416      0.442204 **    136.90   -113.28    4.768    3.322 **   30.000     6.069     2.539     7.664  13.959 **    -9.955   -15.323    -8.847  10.471
      0.488449      0.046245      0.250000      0.094677      0.952000      2.030416      0.442204 **    137.67   -112.69    4.751    3.308 **   30.000     6.081     2.488     7.656  13.810 **    -9.948   -15.324    -8.842  10.459
      0.488449      0.046245      0.250000      0.094677      0.953000      2.030416      0.442204 **    138.45   -112.14    4.735    3.295 **   30.000     6.094     2.435     7.649  13.658 **    -9.941   -15.325    -8.837  10.447
      0.488449      0.046245      0.250000      0.094677      0.954000      2.030416      0.442204 **    139.25   -111.61    4.721    3.284 **   30.000     6.107     2.381     7.642  13.504 **    -9.934   -15.327    -8.832  10.433
      0.488449      0.046245      0.250000      0.094677      0.955000      2.030416      0.442204 **    140.05   -111.12    4.709    3.273 **   30.000     6.121     2.324     7.635  13.347 **    -9.927   -15.331    -8.827  10.417
      0.488449      0.046245      0.250000      0.094677      0.956000      2.030416      0.442204 **    140.86   -110.67    4.698    3.264 **   30.000     6.135     2.266     7.628  13.187 **    -9.920   -15.335    -8.823  10.400
      0.488449      0.046245      0.250000      0.094677      0.957000      2.030416      0.442204 **    141.68   -110.26    4.689    3.255 **   30.000     6.151     2.206     7.622  13.024 **    -9.913   -15.341    -8.819  10.381
      0.488449      0.046245      0.250000      0.094677      0.958000      2.030416      0.442204 **    142.50   -109.88    4.682    3.248 **   30.000     6.167     2.144     7.616  12.858 **    -9.906   -15.347    -8.815  10.360
      0.488449      0.046245      0.250000      0.094677      0.959000      2.030416      0.442204 **    143.34   -109.55    4.676    3.242 **   30.000     6.185     2.079     7.610  12.688 **    -9.899   -15.355    -8.811  10.338
      0.488449      0.046245      0.250000      0.094677      0.960000      2.030416      0.442204 **    144.17   -109.25    4.672    3.238 **   30.000     6.203     2.012     7.605  12.516 **    -9.892   -15.364    -8.807  10.314
      0.488449      0.046245      0.250000      0.094677      0.961000      2.030416      0.442204 **    145.01   -109.00    4.670    3.234 **   30.000     6.223     1.942     7.600  12.340 **    -9.885   -15.375    -8.804  10.288
      0.488449      0.046245      0.250000      0.094677      0.962000      2.030416      0.442204 **    145.85   -108.80    4.669    3.232 **   30.000     6.243     1.870     7.595  12.161 **    -9.878   -15.387    -8.802  10.261
      0.488449      0.046245      0.250000      0.094677      0.963000      2.030416      0.442204 **    146.69   -108.64    4.670    3.230 **   30.000     6.265     1.794     7.591  11.979 **    -9.871   -15.400    -8.799  10.231
      0.488449      0.046245      0.250000      0.094677      0.964000      2.030416      0.442204 **    147.52   -108.53    4.672    3.230 **   30.000     6.287     1.715     7.587  11.792 **    -9.865   -15.415    -8.797  10.199
      0.488449      0.046245      0.250000      0.094677      0.965000      2.030416      0.442204 **    148.36   -108.48    4.677    3.232 **   30.000     6.311     1.633     7.584  11.602 **    -9.858   -15.431    -8.796  10.165
      0.488449      0.046245      0.250000      0.094677      0.966000      2.030416      0.442204 **    149.18   -108.47    4.683    3.234 **   30.000     6.337     1.547     7.582  11.408 **    -9.851   -15.450    -8.794  10.129
      0.488449      0.046245      0.250000      0.094677      0.967000      2.030416      0.442204 **    150.00   -108.52    4.691    3.238 **   30.000     6.363     1.458     7.579  11.209 **    -9.845   -15.470    -8.794  10.091
      0.488449      0.046245      0.250000      0.094677      0.968000      2.030416      0.442204 **    150.81   -108.63    4.700    3.243 **   30.000     6.392     1.363     7.578  11.006 **    -9.839   -15.492    -8.794  10.050
      0.488449      0.046245      0.250000      0.094677      0.969000      2.030416      0.442204 **    151.60   -108.80    4.711    3.250 **   30.000     6.421     1.264     7.577  10.799 **    -9.833   -15.516    -8.794  10.007
      0.488449      0.046245      0.250000      0.094677      0.970000      2.030416      0.442204 **    152.38   -109.04    4.724    3.257 **   30.000     6.452     1.160     7.577  10.587 **    -9.827   -15.542    -8.795   9.961
      0.488449      0.046245      0.250000      0.094677      0.971000      2.030416      0.442204 **    153.13   -109.33    4.739    3.266 **   30.000     6.485     1.051     7.578  10.370 **    -9.821   -15.571    -8.796   9.913
      0.488449      0.046245      0.250000      0.094677      0.972000      2.030416      0.442204 **    153.86   -109.70    4.756    3.277 **   30.000     6.520     0.935     7.580  10.148 **    -9.816   -15.602    -8.799   9.862
      0.488449      0.046245      0.250000      0.094677      0.973000      2.030416      0.442204 **    154.55   -110.13    4.775    3.288 **   30.000     6.556     0.812     7.582   9.921 **    -9.810   -15.636    -8.802   9.808
      0.488449      0.046245      0.250000      0.094677      0.974000      2.030416      0.442204 **    155.21   -110.64    4.795    3.301 **   30.000     6.595     0.682     7.586   9.688 **    -9.805   -15.672    -8.805   9.750
      0.488449      0.046245      0.250000      0.094677      0.975000      2.030416      0.442204 **    155.82   -111.21    4.817    3.316 **   30.000     6.635     0.544     7.590   9.449 **    -9.801   -15.712    -8.810   9.690
      0.488449      0.046245      0.250000      0.094677      0.976000      2.030416      0.442204 **    156.39   -111.87    4.841    3.332 **   30.000     6.678     0.397     7.596   9.204 **    -9.796   -15.755    -8.815   9.626
      0.488449      0.046245      0.250000      0.094677      0.977000      2.030416      0.442204 **    156.89   -112.60    4.867    3.349 **   30.000     6.722     0.240     7.603   8.953 **    -9.792   -15.801    -8.821   9.558
      0.488449      0.046245      0.250000      0.094677      0.978000      2.030416      0.442204 **    157.33   -113.42    4.895    3.368 **   30.000     6.770     0.072     7.611   8.695 **    -9.789   -15.852    -8.828   9.486
      0.488449      0.046245      0.250000      0.094677      0.979000      2.030416      0.442204 **    157.70   -114.31    4.925    3.388 **   30.000     6.819    -0.109     7.621   8.429 **    -9.786   -15.906    -8.836   9.411
      0.488449      0.046245      0.250000      0.094677      0.980000      2.030416      0.442204 **    157.97   -115.29    4.957    3.410 **   30.000     6.871    -0.303     7.633   8.157 **    -9.783   -15.965    -8.846   9.331
      0.488449      0.046245      0.250000      0.094677      0.981000      2.030416      0.442204 **    158.15   -116.34    4.990    3.433 **   30.000     6.926    -0.513     7.646   7.876 **    -9.781   -16.029    -8.856   9.246
      0.488449      0.046245      0.250000      0.094677      0.982000      2.030416      0.442204 **    158.22   -117.48    5.026    3.457 **   31.000     6.983    -0.791     7.654   7.538 **    -9.779   -16.098    -8.868   9.156
      0.488449      0.046245      0.250000      0.094677      0.983000      2.030416      0.442204 **    158.16   -118.69    5.063    3.483 **   31.000     7.044    -1.040     7.672   7.241 **    -9.779   -16.173    -8.882   9.061
      0.488449      0.046245      0.250000      0.094677      0.984000      2.030416      0.442204 **    157.96   -119.97    5.102    3.511 **   31.000     7.108    -1.314     7.691   6.935 **    -9.779   -16.255    -8.897   8.961
      0.488449      0.046245      0.250000      0.094677      0.985000      2.030416      0.442204 **    157.60   -121.32    5.143    3.540 **   31.000     7.174    -1.614     7.714   6.619 **    -9.780   -16.344    -8.914   8.854
      0.488449      0.046245      0.250000      0.094677      0.986000      2.030416      0.442204 **    157.07   -122.73    5.185    3.570 **   31.000     7.244    -1.945     7.738   6.292 **    -9.782   -16.441    -8.933   8.741
      0.488449      0.046245      0.250000      0.094677      0.987000      2.030416      0.442204 **    156.34   -124.19    5.228    3.602 **   31.000     7.317    -2.314     7.766   5.955 **    -9.786   -16.546    -8.955   8.621
      0.488449      0.046245      0.250000      0.094677      0.988000      2.030416      0.442204 **    155.40   -125.68    5.273    3.635 **   31.000     7.393    -2.726     7.796   5.606 **    -9.790   -16.662    -8.979   8.493
      0.488449      0.046245      0.250000      0.094677      0.989000      2.030416      0.442204 **    154.23   -127.18    5.318    3.668 **   31.000     7.472    -3.190     7.830   5.244 **    -9.797   -16.788    -9.005   8.357
      0.488449      0.046245      0.250000      0.094677      0.990000      2.030416      0.442204 **    152.80   -128.68    5.364    3.703 **   31.000     7.554    -3.717     7.867   4.869 **    -9.805   -16.927    -9.035   8.213
      0.488449      0.046245      0.250000      0.094677      0.991000      2.030416      0.442204 **    151.10   -130.14    5.410    3.738 **   31.000     7.639    -4.322     7.907   4.480 **    -9.816   -17.080    -9.068   8.060
      0.488449      0.046245      0.250000      0.094677      0.992000      2.030416      0.442204 **    149.10   -131.54    5.455    3.773 **   31.000     7.727    -5.023     7.952   4.076 **    -9.829   -17.248    -9.106   7.897
      0.488449      0.046245      0.250000      0.094677      0.993000      2.030416      0.442204 **    146.81   -132.82    5.498    3.808 **   31.000     7.817    -5.846     8.000   3.656 **    -9.845   -17.432    -9.147   7.724
      0.488449      0.046245      0.250000      0.094677      0.994000      2.030416      0.442204 **    144.19   -133.96    5.539    3.842 **   31.000     7.909    -6.831     8.052   3.220 **    -9.864   -17.636    -9.193   7.540
      0.488449      0.046245      0.250000      0.094677      0.995000      2.030416      0.442204 **    141.26   -134.90    5.576    3.874 **   31.000     8.001    -8.031     8.108   2.766 **    -9.888   -17.861    -9.245   7.346
      0.488449      0.046245      0.250000      0.094677      0.996000      2.030416      0.442204 **    138.01   -135.58    5.608    3.903 **   31.000     8.094    -9.533     8.168   2.296 **    -9.916   -18.109    -9.303   7.140
      0.488449      0.046245      0.250000      0.094677      0.997000      2.030416      0.442204 **    134.45   -135.94    5.632    3.928 **   31.000     8.185   -11.476     8.232   1.813 **    -9.949   -18.381    -9.367   6.925
      0.488449      0.046245      0.250000      0.094677      0.998000      2.030416      0.442204 **    130.62   -135.91    5.647    3.948 **   31.000     8.274   -14.088     8.299   1.326 **    -9.988   -18.679    -9.437   6.700
      0.488449      0.046245      0.250000      0.094677      0.999000      2.030416      0.442204 **    126.55   -135.45    5.649    3.960 **   31.000     8.357   -17.572     8.368   0.878 **   -10.034   -19.002    -9.515   6.470
      0.488449      0.046245      0.250000      0.094677      1.000000      2.030416      0.442204 **    122.30   -134.48    5.635    3.963 **   31.000     8.433   -20.116     8.439   0.649 **   -10.087   -19.348    -9.601   6.236
      0.488449      0.046245      0.250000      0.094677      1.001000      2.030416      0.442204 **    117.93   -132.96    5.602    3.954 **   31.000     8.498   -17.138     8.510   0.909 **   -10.149   -19.711    -9.693   6.006
      0.488449      0.046245      0.250000      0.094677      1.002000      2.030416      0.442204 **    113.52   -130.84    5.547    3.931 **   31.000     8.549   -12.993     8.579   1.458 **   -10.220   -20.078    -9.793   5.789
      0.488449      0.046245      0.250000      0.094677      1.003000      2.030416      0.442204 **    109.17   -128.10    5.465    3.890 **   31.000     8.581    -9.731     8.644   2.120 **   -10.299   -20.429    -9.897   5.598
      0.488449      0.046245      0.250000      0.094677      1.004000      2.030416      0.442204 **    104.99   -124.73    5.353    3.829 **   31.000     8.589    -7.173     8.703   2.855 **   -10.388   -20.736   -10.004   5.450
      0.488449      0.046245      0.250000      0.094677      1.005000      2.030416      0.442204 **    101.07   -120.74    5.209    3.746 **   31.000     8.568    -5.095     8.751   3.656 **   -10.484   -20.959   -10.111   5.365
      0.488449      0.046245      0.250000      0.094677      1.006000      2.030416      0.442204 **     97.53   -116.18    5.033    3.640 **   31.000     8.513    -3.363     8.786   4.526 **   -10.586   -21.058   -10.213   5.367
      0.488449      0.046245      0.250000      0.094677      1.007000      2.030416      0.442204 **     94.45   -111.11    4.825    3.511 **   31.000     8.418    -1.896     8.804   5.473 **   -10.691   -21.003   -10.305   5.474
      0.488449      0.046245      0.250000      0.094677      1.008000      2.030416      0.442204 **     91.92   -105.60    4.591    3.362 **   31.000     8.279    -0.642     8.803   6.508 **   -10.796   -20.784   -10.381   5.697
      0.488449      0.046245      0.250000      0.094677      1.009000      2.030416      0.442204 **     89.99    -99.75    4.336    3.194 **   31.000     8.094     0.430     8.780   7.648 **   -10.896   -20.421   -10.437   6.034
      0.488449      0.046245      0.250000      0.094677      1.010000      2.030416      0.442204 **     88.71    -93.65    4.070    3.015 **   32.000     7.861     1.284     8.724   8.837 **   -10.986   -19.952   -10.467   6.471
      0.488449      0.046245      0.250000      0.094677      1.011000      2.030416      0.442204 **     88.09    -87.43    3.802    2.829 **   32.000     7.582     2.059     8.655  10.240 **   -11.061   -19.427   -10.471   6.984
      0.488449      0.046245      0.250000      0.094677      1.012000      2.030416      0.442204 **     88.13    -81.17    3.543    2.645 **   32.000     7.258     2.710     8.564  11.837 **   -11.119   -18.888   -10.448   7.543
      0.488449      0.046245      0.250000      0.094677      1.013000      2.030416      0.442204 **     88.81    -74.97    3.302    2.467 **   32.000     6.895     3.253     8.456  13.694 **   -11.158   -18.367   -10.402   8.119
      0.488449      0.046245      0.250000      0.094677      1.014000      2.030416      0.442204 **     90.07    -68.92    3.087    2.302 **   32.000     6.501     3.698     8.332  15.921 **   -11.177   -17.885   -10.337   8.683
      0.488449      0.046245      0.250000      0.094677      1.015000      2.030416      0.442204 **     91.88    -63.09    2.904    2.155 **   32.000     6.083     4.060     8.198  18.719 **   -11.179   -17.451   -10.259   9.215
      0.488449      0.046245      0.250000      0.094677      1.016000      2.030416      0.442204 **     94.18    -57.53    2.754    2.027 **   32.000     5.649     4.350     8.058  22.538 **   -11.164   -17.070   -10.172   9.698
      0.488449      0.046245      0.250000      0.094677      1.017000      2.030416      0.442204 **     96.90    -52.28    2.639    1.922 **  -33.000     3.933     5.468     7.778  21.097 **   -11.137   -16.740   -10.081  10.123
      0.488449      0.046245      0.250000      0.094677      1.018000      2.030416      0.442204 **     99.98    -47.37    2.557    1.838 **  -33.000     3.473     5.585     7.666  18.345 **   -11.101   -16.458    -9.991  10.487
      0.488449      0.046245      0.250000      0.094677      1.019000      2.030416      0.442204 **    103.35    -42.81    2.507    1.778 **  -33.000     3.029     5.664     7.554  16.448 **   -11.058   -16.220    -9.903  10.791
      0.488449      0.046245      0.250000      0.094677      1.020000      2.030416      0.442204 **    106.98    -38.62    2.483    1.738 **  -33.000     2.610     5.712     7.442  15.055 **   -11.011   -16.020    -9.820  11.039
      0.488449      0.046245      0.250000      0.094677      1.021000      2.030416      0.442204 **    110.79    -34.78    2.483    1.718 **  -33.000     2.220     5.734     7.334  13.998 **   -10.962   -15.853    -9.742  11.235
      0.488449      0.046245      0.250000      0.094677      1.022000      2.030416      0.442204 **    114.76    -31.30    2.502    1.714 **  -33.000     1.864     5.736     7.229  13.181 **   -10.913   -15.714    -9.671  11.387
      0.488449      0.046245      0.250000      0.094677      1.023000      2.030416      0.442204 **    118.83    -28.15    2.536    1.725 **  -33.000     1.546     5.722     7.128  12.547 **   -10.865   -15.600    -9.606  11.501
      0.488449      0.046245      0.250000      0.094677      1.024000      2.030416      0.442204 **    122.98    -25.32    2.583    1.746 **  -33.000     1.265     5.694     7.032  12.055 **   -10.817   -15.507    -9.547  11.582
      0.488449      0.046245      0.250000      0.094677      1.025000      2.030416      0.442204 **    127.17    -22.80    2.639    1.777 **  -33.000     1.021     5.657     6.940  11.678 **   -10.772   -15.431    -9.494  11.637
      0.488449      0.046245      0.250000      0.094677      1.026000      2.030416      0.442204 **    131.39    -20.56    2.703    1.814 **  -33.000     0.814     5.611     6.854  11.395 **   -10.730   -15.370    -9.447  11.669
      0.488449      0.046245      0.250000      0.094677      1.027000      2.030416      0.442204 **    135.61    -18.58    2.771    1.856 **  -33.000     0.640     5.559     6.772  11.188 **   -10.689   -15.321    -9.404  11.684
      0.488449      0.046245      0.250000      0.094677      1.028000      2.030416      0.442204 **    139.82    -16.86    2.843    1.902 **  -33.000     0.498     5.502     6.694  11.045 **   -10.651   -15.283    -9.367  11.684
      0.488449      0.046245      0.250000      0.094677      1.029000      2.030416      0.442204 **    144.00    -15.37    2.917    1.950 **  -33.000     0.383     5.442     6.621  10.956 **   -10.616   -15.254    -9.333  11.672
      0.488449      0.046245      0.250000      0.094677      1.030000      2.030416      0.442204 **    148.15    -14.09    2.993    1.999 **  -32.000     0.474     5.379     6.596  11.209 **   -10.582   -15.233    -9.302  11.651
      0.488449      0.046245      0.250000      0.094677      1.031000      2.030416      0.442204 **    152.27    -13.00    3.070    2.050 **  -32.000     0.402     5.315     6.530  11.196 **   -10.551   -15.218    -9.276  11.623
      0.488449      0.046245      0.250000      0.094677      1.032000      2.030416      0.442204 **    156.33    -12.10    3.148    2.101 **  -32.000     0.347     5.250     6.467  11.214 **   -10.522   -15.208    -9.252  11.588
      0.488449      0.046245      0.250000      0.094677      1.033000      2.030416      0.442204 **    160.35    -11.38    3.225    2.152 **  -32.000     0.308     5.185     6.408  11.259 **   -10.495   -15.204    -9.230  11.549
      0.488449      0.046245      0.250000      0.094677      1.034000      2.030416      0.442204 **    164.31    -10.81    3.302    2.203 **  -32.000     0.281     5.118     6.351  11.326 **   -10.470   -15.203    -9.211  11.506
      0.488449      0.046245      0.250000      0.094677      1.035000      2.030416      0.442204 **    168.22    -10.39    3.379    2.254 **  -32.000     0.265     5.052     6.298  11.412 **   -10.447   -15.206    -9.194  11.460
      0.488449      0.046245      0.250000      0.094677      1.036000      2.030416      0.442204 **    172.08    -10.10    3.455    2.304 **  -32.000     0.258     4.986     6.246  11.513 **   -10.425   -15.211    -9.179  11.413
      0.488449      0.046245      0.250000      0.094677      1.037000      2.030416      0.442204 **    175.88     -9.95    3.530    2.354 **  -32.000     0.257     4.920     6.197  11.628 **   -10.404   -15.219    -9.166  11.363
      0.488449      0.046245      0.250000      0.094677      1.038000      2.030416      0.442204 **    179.63     -9.91    3.604    2.404 **  -32.000     0.262     4.855     6.150  11.753 **   -10.385   -15.229    -9.154  11.313
      0.488449      0.046245      0.250000      0.094677      1.039000      2.030416      0.442204 **    183.32     -9.99    3.678    2.453 **   28.000     0.862     4.802     6.275  13.034 **   -10.367   -15.241    -9.143  11.263
      0.488449      0.046245      0.250000      0.094677      1.040000      2.030416      0.442204 **    186.96    -10.18    3.751    2.502 **   28.000     0.865     4.758     6.245  13.135 **   -10.350   -15.255    -9.133  11.211
      0.488449      0.046245      0.250000      0.094677      1.041000      2.030416      0.442204 **    190.54    -10.47    3.823    2.550 **   28.000     0.873     4.715     6.216  13.247 **   -10.334   -15.269    -9.125  11.160
      0.488449      0.046245      0.250000      0.094677      1.042000      2.030416      0.442204 **    194.08    -10.86    3.895    2.597 **   28.000     0.885     4.672     6.189  13.367 **   -10.319   -15.285    -9.117  11.109
      0.488449      0.046245      0.250000      0.094677      1.043000      2.030416      0.442204 **    197.56    -11.34    3.965    2.644 **   28.000     0.899     4.629     6.163  13.494 **   -10.304   -15.301    -9.110  11.058
      0.488449      0.046245      0.250000      0.094677      1.044000      2.030416      0.442204 **    201.00    -11.91    4.035    2.691 **   28.000     0.916     4.587     6.139  13.628 **   -10.291   -15.318    -9.104  11.008
      0.488449      0.046245      0.250000      0.094677      1.045000      2.030416      0.442204 **    204.38    -12.56    4.104    2.737 **   28.000     0.934     4.545     6.115  13.768 **   -10.278   -15.336    -9.098  10.959
      0.488449      0.046245      0.250000      0.094677      1.046000      2.030416      0.442204 **    207.72    -13.30    4.173    2.783 **   28.000     0.954     4.504     6.093  13.911 **   -10.266   -15.354    -9.093  10.910
      0.488449      0.046245      0.250000      0.094677      1.047000      2.030416      0.442204 **    211.02    -14.12    4.240    2.828 **   28.000     0.975     4.464     6.071  14.059 **   -10.254   -15.372    -9.089  10.862
      0.488449      0.046245      0.250000      0.094677      1.048000      2.030416      0.442204 **    214.26    -15.02    4.307    2.873 **   28.000     0.997     4.424     6.050  14.210 **   -10.243   -15.390    -9.084  10.814
      0.488449      0.046245      0.250000      0.094677      1.049000      2.030416      0.442204 **    217.46    -15.99    4.374    2.917 **   28.000     1.019     4.385     6.030  14.363 **   -10.232   -15.408    -9.080  10.768
      0.488449      0.046245      0.250000      0.094677      1.050000      2.030416      0.442204 **    220.62    -17.04    4.440    2.961 **   28.000     1.042     4.346     6.011  14.519 **   -10.221   -15.427    -9.076  10.723
      0.488449      0.046245      0.250000      0.094677      1.051000      2.030416      0.442204 **    223.73    -18.15    4.506    3.005 **   28.000     1.064     4.308     5.992  14.677 **   -10.211   -15.445    -9.073  10.678
      0.488449      0.046245      0.250000      0.094677      1.052000      2.030416      0.442204 **    226.80    -19.34    4.571    3.049 **   28.000     1.087     4.270     5.974  14.836 **   -10.201   -15.463    -9.069  10.635
      0.488449      0.046245      0.250000      0.094677      1.053000      2.030416      0.442204 **    229.83    -20.60    4.635    3.092 **   28.000     1.110     4.233     5.957  14.997 **   -10.192   -15.480    -9.066  10.593
      0.488449      0.046245      0.250000      0.094677      1.054000      2.030416      0.442204 **    232.81    -21.93    4.700    3.135 **   28.000     1.132     4.197     5.940  15.159 **   -10.182   -15.498    -9.063  10.552
      0.488449      0.046245      0.250000      0.094677      1.055000      2.030416      0.442204 **    235.75    -23.33    4.763    3.178 **   28.000     1.155     4.161     5.923  15.322 **   -10.173   -15.514    -9.059  10.512
      0.488449      0.046245      0.250000      0.094677      1.056000      2.030416      0.442204 **    238.65    -24.79    4.827    3.220 **   28.000     1.177     4.126     5.907  15.486 **   -10.164   -15.531    -9.056  10.473
      0.488449      0.046245      0.250000      0.094677      1.057000      2.030416      0.442204 **    241.50    -26.32    4.890    3.262 **   28.000     1.198     4.091     5.891  15.651 **   -10.155   -15.546    -9.053  10.436
      0.488449      0.046245      0.250000      0.094677      1.058000      2.030416      0.442204 **    244.31    -27.92    4.953    3.304 **   28.000     1.220     4.057     5.876  15.816 **   -10.147   -15.561    -9.049  10.400
      0.488449      0.046245      0.250000      0.094677      1.059000      2.030416      0.442204 **    247.07    -29.58    5.015    3.346 **   28.000     1.240     4.023     5.861  15.982 **   -10.138   -15.576    -9.046  10.365
      0.488449      0.046245      0.250000      0.094677      1.060000      2.030416      0.442204 **    249.79    -31.30    5.077    3.388 **   28.000     1.261     3.990     5.846  16.148 **   -10.129   -15.590    -9.042  10.332
      0.488449      0.046245      0.250000      0.094677      1.061000      2.030416      0.442204 **    252.46    -33.09    5.139    3.429 **   28.000     1.281     3.957     5.832  16.315 **   -10.120   -15.602    -9.038  10.300
      0.488449      0.046245      0.250000      0.094677      1.062000      2.030416      0.442204 **    255.09    -34.94    5.201    3.471 **   28.000     1.300     3.925     5.818  16.482 **   -10.112   -15.614    -9.034  10.269
      0.488449      0.046245      0.250000      0.094677      1.063000      2.030416      0.442204 **    257.66    -36.85    5.263    3.512 **   28.000     1.319     3.893     5.804  16.650 **   -10.103   -15.626    -9.030  10.240
      0.488449      0.046245      0.250000      0.094677      1.064000      2.030416      0.442204 **    260.20    -38.82    5.324    3.553 **   28.000     1.338     3.862     5.791  16.817 **   -10.094   -15.636    -9.025  10.212
      0.488449      0.046245      0.250000      0.094677      1.065000      2.030416      0.442204 **    262.68    -40.86    5.385    3.594 **   28.000     1.356     3.831     5.778  16.985 **   -10.085   -15.645    -9.020  10.186
      0.488449      0.046245      0.250000      0.094677      1.066000      2.030416      0.442204 **    265.11    -42.95    5.446    3.635 **   28.000     1.374     3.800     5.765  17.154 **   -10.076   -15.653    -9.015  10.161
      0.488449      0.046245      0.250000      0.094677      1.067000      2.030416      0.442204 **    267.49    -45.10    5.507    3.676 **   28.000     1.391     3.770     5.752  17.323 **   -10.067   -15.660    -9.009  10.137
      0.488449      0.046245      0.250000      0.094677      1.068000      2.030416      0.442204 **    269.82    -47.32    5.568    3.717 **   28.000     1.408     3.740     5.739  17.492 **   -10.058   -15.666    -9.003  10.116
      0.488449      0.046245      0.250000      0.094677      1.069000      2.030416      0.442204 **    272.09    -49.59    5.629    3.758 **   28.000     1.424     3.711     5.727  17.661 **   -10.049   -15.670    -8.997  10.095
      0.488449      0.046245      0.250000      0.094677      1.070000      2.030416      0.442204 **    274.31    -51.92    5.689    3.799 **   28.000     1.440     3.682     5.715  17.831 **   -10.039   -15.674    -8.990  10.076
      0.488449      0.046245      0.250000      0.094677      1.071000      2.030416      0.442204 **    276.47    -54.30    5.750    3.839 **   28.000     1.455     3.654     5.703  18.002 **   -10.029   -15.676    -8.983  10.059
      0.488449      0.046245      0.250000      0.094677      1.072000      2.030416      0.442204 **    278.58    -56.74    5.810    3.880 **   28.000     1.471     3.626     5.691  18.173 **   -10.019   -15.677    -8.975  10.044
      0.488449      0.046245      0.250000      0.094677      1.073000      2.030416      0.442204 **    280.62    -59.23    5.870    3.921 **   28.000     1.485     3.598     5.679  18.344 **   -10.009   -15.676    -8.967  10.030
      0.488449      0.046245      0.250000      0.094677      1.074000      2.030416      0.442204 **    282.61    -61.78    5.931    3.961 **   28.000     1.500     3.570     5.668  18.516 **    -9.998   -15.675    -8.958  10.017
      0.488449      0.046245      0.250000      0.094677      1.075000      2.030416      0.442204 **    284.53    -64.38    5.991    4.002 **   28.000     1.514     3.543     5.656  18.688 **    -9.988   -15.671    -8.949  10.007
      0.488449      0.046245      0.250000      0.094677      1.076000      2.030416      0.442204 **    286.39    -67.03    6.051    4.042 **   28.000     1.527     3.516     5.645  18.862 **    -9.977   -15.667    -8.939   9.998
      0.488449      0.046245      0.250000      0.094677      1.077000      2.030416      0.442204 **    288.19    -69.73    6.111    4.083 **   28.000     1.541     3.490     5.634  19.036 **    -9.965   -15.660    -8.929   9.991
      0.488449      0.046245      0.250000      0.094677      1.078000      2.030416      0.442204 **    289.91    -72.48    6.171    4.123 **   28.000     1.554     3.464     5.623  19.210 **    -9.954   -15.653    -8.918   9.985
      0.488449      0.046245      0.250000      0.094677      1.079000      2.030416      0.442204 **    291.57    -75.27    6.231    4.164 **   28.000     1.566     3.438     5.612  19.386 **    -9.942   -15.643    -8.907   9.981
      0.488449      0.046245      0.250000      0.094677      1.080000      2.030416      0.442204 **    293.17    -78.11    6.291    4.204 **   28.000     1.579     3.412     5.602  19.562 **    -9.929   -15.632    -8.895   9.979
      0.488449      0.046245      0.250000      0.094677      1.081000      2.030416      0.442204 **    294.69    -80.99    6.351    4.245 **   28.000     1.591     3.387     5.591  19.740 **    -9.917   -15.620    -8.882   9.979
      0.488449      0.046245      0.250000      0.094677      1.082000      2.030416      0.442204 **    296.14    -83.92    6.411    4.285 **   28.000     1.602     3.362     5.581  19.918 **    -9.904   -15.606    -8.869   9.981
      0.488449      0.046245      0.250000      0.094677      1.083000      2.030416      0.442204 **    297.51    -86.88    6.471    4.326 **   28.000     1.614     3.337     5.571  20.098 **    -9.890   -15.590    -8.855   9.984
      0.488449      0.046245      0.250000      0.094677      1.084000      2.030416      0.442204 **    298.81    -89.89    6.531    4.367 **   28.000     1.625     3.313     5.561  20.279 **    -9.877   -15.573    -8.841   9.989
      0.488449      0.046245      0.250000      0.094677      1.085000      2.030416      0.442204 **    300.04    -92.92    6.591    4.407 **   28.000     1.636     3.289     5.551  20.461 **    -9.862   -15.553    -8.825   9.996
      0.488449      0.046245      0.250000      0.094677      1.086000      2.030416      0.442204 **    301.18    -96.00    6.651    4.448 **   28.000     1.647     3.265     5.541  20.645 **    -9.848   -15.533    -8.809  10.005
      0.488449      0.046245      0.250000      0.094677      1.087000      2.030416      0.442204 **    302.25    -99.10    6.711    4.489 **   28.000     1.658     3.241     5.531  20.830 **    -9.833   -15.510    -8.793  10.016
      0.488449      0.046245      0.250000      0.094677      1.088000      2.030416      0.442204 **    303.24   -102.24    6.771    4.529 **   28.000     1.668     3.218     5.522  21.016 **    -9.817   -15.486    -8.775  10.028
      0.488449      0.046245      0.250000      0.094677      1.089000      2.030416      0.442204 **    304.15   -105.40    6.831    4.570 **   28.000     1.678     3.194     5.512  21.204 **    -9.801   -15.460    -8.757  10.043
      0.488449      0.046245      0.250000      0.094677      1.090000      2.030416      0.442204 **    304.98   -108.58    6.892    4.611 **   28.000     1.688     3.171     5.503  21.394 **    -9.785   -15.432    -8.738  10.059
      0.488449      0.046245      0.250000      0.094677      1.091000      2.030416      0.442204 **    305.72   -111.79    6.952    4.652 **   28.000     1.698     3.149     5.494  21.586 **    -9.768   -15.402    -8.719  10.077
      0.488449      0.046245      0.250000      0.094677      1.092000      2.030416      0.442204 **    306.39   -115.02    7.012    4.693 **   28.000     1.708     3.126     5.485  21.780 **    -9.750   -15.371    -8.698  10.097
      0.488449      0.046245      0.250000      0.094677      1.093000      2.030416      0.442204 **    306.96   -118.27    7.072    4.734 **   28.000     1.717     3.104     5.476  21.976 **    -9.733   -15.338    -8.677  10.119
      0.488449      0.046245      0.250000      0.094677      1.094000      2.030416      0.442204 **    307.46   -121.54    7.132    4.774 **   28.000     1.726     3.082     5.467  22.174 **    -9.714   -15.303    -8.655  10.143
      0.488449      0.046245      0.250000      0.094677      1.095000      2.030416      0.442204 **    307.87   -124.81    7.193    4.815 **   28.000     1.735     3.060     5.458  22.375 **    -9.695   -15.267    -8.632  10.168
      0.488449      0.046245      0.250000      0.094677      1.096000      2.030416      0.442204 **    308.19   -128.10    7.253    4.857 **   28.000     1.744     3.038     5.449  22.578 **    -9.676   -15.229    -8.609  10.195
      0.488449      0.046245      0.250000      0.094677      1.097000      2.030416      0.442204 **    308.43   -131.39    7.313    4.898 **   28.000     1.753     3.016     5.441  22.784 **    -9.656   -15.189    -8.585  10.225
      0.488449      0.046245      0.250000      0.094677      1.098000      2.030416      0.442204 **    308.58   -134.69    7.374    4.939 **   28.000     1.762     2.995     5.433  22.992 **    -9.635   -15.147    -8.559  10.256
      0.488449      0.046245      0.250000      0.094677      1.099000      2.030416      0.442204 **    308.64   -137.99    7.434    4.980 **   28.000     1.771     2.974     5.424  23.204 **    -9.614   -15.104    -8.533  10.289
