 [antenna_current.dat]

     i     Im[i].re     Im[i].im      |Im[i]|   PhaseIm[i] 
     1  -0.00296546   0.00207952   0.00362193       144.96
     2  -0.00345466   0.00184818   0.00391796       151.85
     3  -0.00143363  -0.00130899   0.00194133      -137.60
     4  -0.00173813  -0.00151758   0.00230741      -138.88
     5  -0.00200754  -0.00172186   0.00264481      -139.38
     6  -0.00224544  -0.00192194   0.00295565      -139.44
     7  -0.00244544  -0.00211100   0.00323056      -139.20
     8  -0.00260517  -0.00228515   0.00346537      -138.74
     9  -0.00272257  -0.00244078   0.00365648      -138.12
    10  -0.00279631  -0.00257487   0.00380122      -137.36
    11  -0.00282551  -0.00268479   0.00389764      -136.46
    12  -0.00280978  -0.00276833   0.00394443      -135.43
    13  -0.00274917  -0.00282366   0.00394094      -134.23
    14  -0.00264414  -0.00284932   0.00388717      -132.86
    15  -0.00249552  -0.00284422   0.00378380      -131.26
    16  -0.00230445  -0.00280759   0.00363223      -129.38
    17  -0.00207233  -0.00273901   0.00343463      -127.11
    18  -0.00180068  -0.00263826   0.00319419      -124.31
    19  -0.00149119  -0.00250547   0.00291566      -120.76
    20  -0.00114456  -0.00234042   0.00260530      -116.06
    21  -0.00076512  -0.00214554   0.00227788      -109.63
    22  -0.00033481  -0.00190923   0.00193836       -99.95
    23   0.00030241  -0.00154568   0.00157499       -78.93
    24   0.00098797  -0.00114284   0.00151068       -49.16
    25   0.00165572  -0.00071344   0.00180289       -23.31
    26   0.00224070  -0.00027470   0.00225748        -6.99
    27   0.00260999   0.00004620   0.00261040         1.01
    28   0.00290348   0.00035151   0.00292468         6.90
    29   0.00314161   0.00065223   0.00320860        11.73
    30   0.00332118   0.00094419   0.00345279        15.87
    31   0.00344312   0.00122568   0.00365478        19.59
    32   0.00350761   0.00149427   0.00381263        23.07
    33   0.00351523   0.00174755   0.00392565        26.43
    34   0.00346689   0.00198312   0.00399401        29.77
    35   0.00336393   0.00219866   0.00401872        33.17
    36   0.00320810   0.00239203   0.00400171        36.71
    37   0.00300161   0.00256131   0.00394588        40.47
    38   0.00274711   0.00270482   0.00385521        44.56
    39   0.00244762   0.00282117   0.00373495        49.06
    40   0.00210648   0.00290926   0.00359181        54.09
    41   0.00172727   0.00296830   0.00343427        59.80
    42   0.00131356   0.00299767   0.00327284        66.34
    43   0.00086892   0.00299695   0.00312037        73.83
    44   0.00039504   0.00296507   0.00299127        82.41
    45  -0.00010211   0.00290239   0.00290419        92.01
    46  -0.00065071   0.00279586   0.00287059       103.10
    47  -0.00142686   0.00260554   0.00297065       118.71
    48  -0.00222561   0.00236296   0.00324606       133.29
    49   0.00296546  -0.00207952   0.00362193       -35.04
    50   0.00345466  -0.00184818   0.00391796       -28.15
    51   0.00143363   0.00130899   0.00194133        42.40
    52   0.00173813   0.00151758   0.00230741        41.12
    53   0.00200754   0.00172186   0.00264481        40.62
    54   0.00224544   0.00192194   0.00295565        40.56
    55   0.00244544   0.00211100   0.00323056        40.80
    56   0.00260517   0.00228515   0.00346537        41.26
    57   0.00272257   0.00244078   0.00365648        41.88
    58   0.00279631   0.00257487   0.00380122        42.64
    59   0.00282551   0.00268479   0.00389764        43.54
    60   0.00280978   0.00276833   0.00394443        44.57
    61   0.00274917   0.00282366   0.00394094        45.77
    62   0.00264414   0.00284932   0.00388717        47.14
    63   0.00249552   0.00284422   0.00378380        48.74
    64   0.00230445   0.00280759   0.00363223        50.62
    65   0.00207233   0.00273900   0.00343463        52.89
    66   0.00180068   0.00263826   0.00319419        55.69
    67   0.00149119   0.00250547   0.00291566        59.24
    68   0.00114456   0.00234042   0.00260530        63.94
    69   0.00076512   0.00214554   0.00227788        70.37
    70   0.00033481   0.00190923   0.00193836        80.05
    71  -0.00030241   0.00154568   0.00157499       101.07
    72  -0.00098797   0.00114284   0.00151068       130.84
    73  -0.00165572   0.00071344   0.00180289       156.69
    74  -0.00224070   0.00027470   0.00225748       173.01
    75  -0.00260999  -0.00004620   0.00261040      -178.99
    76  -0.00290348  -0.00035151   0.00292468      -173.10
    77  -0.00314161  -0.00065223   0.00320860      -168.27
    78  -0.00332118  -0.00094419   0.00345279      -164.13
    79  -0.00344312  -0.00122568   0.00365478      -160.41
    80  -0.00350761  -0.00149427   0.00381263      -156.93
    81  -0.00351523  -0.00174755   0.00392565      -153.57
    82  -0.00346689  -0.00198312   0.00399401      -150.23
    83  -0.00336393  -0.00219866   0.00401872      -146.83
    84  -0.00320810  -0.00239203   0.00400171      -143.29
    85  -0.00300161  -0.00256131   0.00394588      -139.53
    86  -0.00274711  -0.00270482   0.00385521      -135.44
    87  -0.00244762  -0.00282117   0.00373495      -130.94
    88  -0.00210648  -0.00290926   0.00359181      -125.91
    89  -0.00172727  -0.00296830   0.00343427      -120.20
    90  -0.00131356  -0.00299767   0.00327284      -113.66
    91  -0.00086892  -0.00299695   0.00312037      -106.17
    92  -0.00039504  -0.00296507   0.00299127       -97.59
    93   0.00010211  -0.00290239   0.00290419       -87.99
    94   0.00065071  -0.00279586   0.00287059       -76.90
    95   0.00142686  -0.00260554   0.00297065       -61.29
    96   0.00222561  -0.00236296   0.00324606       -46.71
    97   0.00228005  -0.00300362   0.00377099       -52.80
    98   0.00248424  -0.00286246   0.00379014       -49.05
    99   0.00282184  -0.00257693   0.00382144       -42.40
   100   0.00315868  -0.00223198   0.00386769       -35.25
   101   0.00349375  -0.00182674   0.00394249       -27.60
   102   0.00381109  -0.00136995   0.00404983       -19.77
   103   0.00410187  -0.00086581   0.00419225       -11.92
   104   0.00435871  -0.00031774   0.00437027        -4.17
   105   0.00457596   0.00027561   0.00458425         3.45
   106   0.00474925   0.00090801   0.00483527        10.82
   107   0.00487531   0.00164730   0.00514609        18.67
   108   0.00495185   0.00225214   0.00543994        24.46
   109   0.00497751   0.00440848   0.00664908        41.53
   110   0.00495185   0.00225214   0.00543994        24.46
   111   0.00487531   0.00164730   0.00514609        18.67
   112   0.00474925   0.00090801   0.00483527        10.82
   113   0.00457596   0.00027561   0.00458425         3.45
   114   0.00435871  -0.00031774   0.00437027        -4.17
   115   0.00410187  -0.00086581   0.00419225       -11.92
   116   0.00381109  -0.00136995   0.00404983       -19.77
   117   0.00349375  -0.00182674   0.00394249       -27.60
   118   0.00315868  -0.00223198   0.00386769       -35.25
   119   0.00282184  -0.00257693   0.00382144       -42.40
   120   0.00248425  -0.00286246   0.00379014       -49.05
   121   0.00228005  -0.00300362   0.00377099       -52.80



     i     Im[i].re     Im[i].im      |Im[i]|   PhaseIm[i] 
     1  -0.00298688   0.00211085   0.00365748       144.75
     2  -0.00347898   0.00188269   0.00395573       151.58
     3  -0.00145077  -0.00128617   0.00193881      -138.44
     4  -0.00175697  -0.00149334   0.00230587      -139.64
     5  -0.00202780  -0.00169664   0.00264397      -140.08
     6  -0.00226685  -0.00189613   0.00295532      -140.09
     7  -0.00246769  -0.00208502   0.00323061      -139.80
     8  -0.00262793  -0.00225939   0.00346567      -139.31
     9  -0.00274551  -0.00241564   0.00365693      -138.66
    10  -0.00281908  -0.00255071   0.00380175      -137.86
    11  -0.00284776  -0.00266197   0.00389818      -136.93
    12  -0.00283118  -0.00274718   0.00394494      -135.86
    13  -0.00276939  -0.00280448   0.00394140      -134.64
    14  -0.00266286  -0.00283239   0.00388758      -133.23
    15  -0.00251244  -0.00282980   0.00378419      -131.60
    16  -0.00231930  -0.00279591   0.00363266      -129.68
    17  -0.00208486  -0.00273024   0.00343524      -127.37
    18  -0.00181067  -0.00263259   0.00319516      -124.52
    19  -0.00149843  -0.00250305   0.00291729      -120.91
    20  -0.00114887  -0.00234138   0.00260806      -116.14
    21  -0.00076639  -0.00214997   0.00228248      -109.62
    22  -0.00033280  -0.00191738   0.00194604       -99.85
    23   0.00030905  -0.00155905   0.00158939       -78.79
    24   0.00099933  -0.00116153   0.00153226       -49.29
    25   0.00167156  -0.00073699   0.00182682       -23.79
    26   0.00226050  -0.00030211   0.00228060        -7.61
    27   0.00263228   0.00001661   0.00263233         0.36
    28   0.00292767   0.00032046   0.00294516         6.25
    29   0.00316728   0.00062028   0.00322745        11.08
    30   0.00334787   0.00091191   0.00346984        15.24
    31   0.00347037   0.00119361   0.00366990        18.98
    32   0.00353495   0.00146293   0.00382571        22.48
    33   0.00354222   0.00171742   0.00393661        25.87
    34   0.00349310   0.00195466   0.00400280        29.23
    35   0.00338892   0.00217231   0.00402538        32.66
    36   0.00323149   0.00236818   0.00400634        36.24
    37   0.00302302   0.00254030   0.00394865        40.04
    38   0.00276621   0.00268698   0.00385639        44.17
    39   0.00246410   0.00280676   0.00373493        48.72
    40   0.00212008   0.00289852   0.00359112        53.82
    41   0.00173776   0.00296140   0.00343362        59.60
    42   0.00132078   0.00299477   0.00327309        66.20
    43   0.00087273   0.00299816   0.00312260        73.77
    44   0.00039533   0.00297048   0.00299667        82.42
    45  -0.00010537   0.00291203   0.00291394        92.07
    46  -0.00065770   0.00280996   0.00288591       103.17
    47  -0.00143891   0.00262572   0.00299414       118.72
    48  -0.00224259   0.00238911   0.00327675       133.19
    49   0.00298688  -0.00211085   0.00365748       -35.25
    50   0.00347898  -0.00188269   0.00395573       -28.42
    51   0.00145077   0.00128617   0.00193881        41.56
    52   0.00175697   0.00149334   0.00230587        40.36
    53   0.00202780   0.00169664   0.00264397        39.92
    54   0.00226685   0.00189613   0.00295532        39.91
    55   0.00246769   0.00208502   0.00323061        40.20
    56   0.00262793   0.00225939   0.00346567        40.69
    57   0.00274551   0.00241564   0.00365693        41.34
    58   0.00281908   0.00255071   0.00380175        42.14
    59   0.00284776   0.00266197   0.00389818        43.07
    60   0.00283118   0.00274718   0.00394494        44.14
    61   0.00276939   0.00280448   0.00394140        45.36
    62   0.00266286   0.00283239   0.00388758        46.77
    63   0.00251244   0.00282980   0.00378419        48.40
    64   0.00231930   0.00279591   0.00363266        50.32
    65   0.00208486   0.00273024   0.00343524        52.63
    66   0.00181067   0.00263259   0.00319516        55.48
    67   0.00149843   0.00250305   0.00291729        59.09
    68   0.00114887   0.00234138   0.00260806        63.86
    69   0.00076639   0.00214997   0.00228248        70.38
    70   0.00033280   0.00191738   0.00194604        80.15
    71  -0.00030905   0.00155905   0.00158939       101.21
    72  -0.00099933   0.00116153   0.00153226       130.71
    73  -0.00167156   0.00073699   0.00182682       156.21
    74  -0.00226050   0.00030211   0.00228060       172.39
    75  -0.00263228  -0.00001661   0.00263233      -179.64
    76  -0.00292767  -0.00032046   0.00294516      -173.75
    77  -0.00316728  -0.00062028   0.00322745      -168.92
    78  -0.00334787  -0.00091191   0.00346984      -164.76
    79  -0.00347037  -0.00119361   0.00366990      -161.02
    80  -0.00353495  -0.00146293   0.00382571      -157.52
    81  -0.00354222  -0.00171742   0.00393661      -154.13
    82  -0.00349310  -0.00195466   0.00400280      -150.77
    83  -0.00338892  -0.00217231   0.00402538      -147.34
    84  -0.00323149  -0.00236818   0.00400634      -143.76
    85  -0.00302302  -0.00254030   0.00394865      -139.96
    86  -0.00276621  -0.00268698   0.00385639      -135.83
    87  -0.00246410  -0.00280676   0.00373493      -131.28
    88  -0.00212008  -0.00289852   0.00359112      -126.18
    89  -0.00173776  -0.00296140   0.00343362      -120.40
    90  -0.00132078  -0.00299477   0.00327309      -113.80
    91  -0.00087273  -0.00299816   0.00312260      -106.23
    92  -0.00039534  -0.00297048   0.00299667       -97.58
    93   0.00010537  -0.00291203   0.00291394       -87.93
    94   0.00065770  -0.00280996   0.00288591       -76.83
    95   0.00143891  -0.00262572   0.00299414       -61.28
    96   0.00224259  -0.00238911   0.00327675       -46.81
    97   0.00228873  -0.00301675   0.00378669       -52.81
    98   0.00249415  -0.00287674   0.00380742       -49.07
    99   0.00283379  -0.00259298   0.00384108       -42.46
   100   0.00317272  -0.00224967   0.00388937       -35.34
   101   0.00350989  -0.00184595   0.00396571       -27.74
   102   0.00382925  -0.00139047   0.00407389       -19.96
   103   0.00412191  -0.00088739   0.00421635       -12.15
   104   0.00438041  -0.00034011   0.00439359        -4.44
   105   0.00459909   0.00025276   0.00460603         3.15
   106   0.00477352   0.00088498   0.00485486        10.50
   107   0.00490041   0.00162447   0.00516265        18.34
   108   0.00497746   0.00222963   0.00545402        24.13
   109   0.00500329   0.00438825   0.00665504        41.25
   110   0.00497746   0.00222963   0.00545402        24.13
   111   0.00490041   0.00162447   0.00516265        18.34
   112   0.00477352   0.00088498   0.00485486        10.50
   113   0.00459909   0.00025276   0.00460603         3.15
   114   0.00438041  -0.00034011   0.00439359        -4.44
   115   0.00412191  -0.00088739   0.00421635       -12.15
   116   0.00382925  -0.00139047   0.00407389       -19.96
   117   0.00350989  -0.00184595   0.00396571       -27.74
   118   0.00317272  -0.00224967   0.00388937       -35.34
   119   0.00283379  -0.00259298   0.00384108       -42.46
   120   0.00249415  -0.00287674   0.00380742       -49.07
   121   0.00228873  -0.00301675   0.00378669       -52.81



     i     Im[i].re     Im[i].im      |Im[i]|   PhaseIm[i] 
     1  -0.00300812   0.00214285   0.00369332       144.54
     2  -0.00350308   0.00191792   0.00399374       151.30
     3  -0.00146788  -0.00126284   0.00193634      -139.29
     4  -0.00177574  -0.00146857   0.00230433      -140.41
     5  -0.00204795  -0.00167087   0.00264308      -140.79
     6  -0.00228812  -0.00186977   0.00295491      -140.75
     7  -0.00248977  -0.00205848   0.00323052      -140.42
     8  -0.00265049  -0.00223309   0.00346580      -139.89
     9  -0.00276822  -0.00238997   0.00365719      -139.19
    10  -0.00284160  -0.00252605   0.00380205      -138.36
    11  -0.00286975  -0.00263869   0.00389848      -137.40
    12  -0.00285230  -0.00272560   0.00394519      -136.30
    13  -0.00278932  -0.00278493   0.00394159      -135.05
    14  -0.00268129  -0.00281515   0.00388772      -133.60
    15  -0.00252907  -0.00281512   0.00378433      -131.94
    16  -0.00233386  -0.00278402   0.00363286      -129.97
    17  -0.00209711  -0.00272136   0.00343564      -127.62
    18  -0.00182038  -0.00262687   0.00319597      -124.72
    19  -0.00150542  -0.00250065   0.00291883      -121.05
    20  -0.00115297  -0.00234243   0.00261081      -116.21
    21  -0.00076746  -0.00215457   0.00228718      -109.61
    22  -0.00033063  -0.00192577   0.00195394       -99.74
    23   0.00031579  -0.00157276   0.00160415       -78.65
    24   0.00101071  -0.00118067   0.00155419       -49.43
    25   0.00168736  -0.00076106   0.00185106       -24.28
    26   0.00228020  -0.00033012   0.00230397        -8.24
    27   0.00265441  -0.00001362   0.00265445        -0.29
    28   0.00295168   0.00028874   0.00296577         5.59
    29   0.00319274   0.00058766   0.00324638        10.43
    30   0.00337432   0.00087895   0.00348692        14.60
    31   0.00349735   0.00116087   0.00368498        18.36
    32   0.00356201   0.00143093   0.00383869        21.89
    33   0.00356892   0.00168667   0.00394741        25.30
    34   0.00351900   0.00192563   0.00401141        28.69
    35   0.00341361   0.00214543   0.00403182        32.15
    36   0.00325456   0.00234385   0.00401071        35.76
    37   0.00304412   0.00251890   0.00395114        39.61
    38   0.00278500   0.00266880   0.00385729        43.78
    39   0.00248028   0.00279210   0.00373465        48.38
    40   0.00213340   0.00288761   0.00359022        53.54
    41   0.00174800   0.00295443   0.00343281        59.39
    42   0.00132776   0.00299189   0.00327327        66.07
    43   0.00087634   0.00299947   0.00312487        73.71
    44   0.00039547   0.00297606   0.00300222        82.43
    45  -0.00010875   0.00292193   0.00292396        92.13
    46  -0.00066476   0.00282441   0.00290159       103.24
    47  -0.00145096   0.00264636   0.00301802       118.74
    48  -0.00225949   0.00241583   0.00330779       133.08
    49   0.00300812  -0.00214285   0.00369332       -35.46
    50   0.00350308  -0.00191792   0.00399374       -28.70
    51   0.00146788   0.00126284   0.00193634        40.71
    52   0.00177574   0.00146857   0.00230433        39.59
    53   0.00204795   0.00167087   0.00264308        39.21
    54   0.00228812   0.00186977   0.00295491        39.25
    55   0.00248977   0.00205848   0.00323052        39.58
    56   0.00265049   0.00223309   0.00346580        40.11
    57   0.00276822   0.00238997   0.00365719        40.81
    58   0.00284160   0.00252605   0.00380205        41.64
    59   0.00286975   0.00263869   0.00389848        42.60
    60   0.00285230   0.00272560   0.00394519        43.70
    61   0.00278932   0.00278493   0.00394159        44.95
    62   0.00268129   0.00281515   0.00388772        46.40
    63   0.00252907   0.00281512   0.00378433        48.06
    64   0.00233386   0.00278402   0.00363286        50.03
    65   0.00209711   0.00272135   0.00343564        52.38
    66   0.00182038   0.00262687   0.00319597        55.28
    67   0.00150542   0.00250065   0.00291883        58.95
    68   0.00115297   0.00234243   0.00261081        63.79
    69   0.00076746   0.00215457   0.00228718        70.39
    70   0.00033063   0.00192577   0.00195394        80.26
    71  -0.00031579   0.00157276   0.00160415       101.35
    72  -0.00101071   0.00118067   0.00155419       130.57
    73  -0.00168736   0.00076106   0.00185106       155.72
    74  -0.00228020   0.00033012   0.00230397       171.76
    75  -0.00265441   0.00001362   0.00265445       179.71
    76  -0.00295168  -0.00028874   0.00296577       185.59
    77  -0.00319274  -0.00058766   0.00324638       190.43
    78  -0.00337432  -0.00087895   0.00348692       194.60
    79  -0.00349735  -0.00116087   0.00368498       198.36
    80  -0.00356201  -0.00143093   0.00383869       201.89
    81  -0.00356892  -0.00168667   0.00394741       205.30
    82  -0.00351900  -0.00192563   0.00401141       208.69
    83  -0.00341361  -0.00214543   0.00403182       212.15
    84  -0.00325456  -0.00234385   0.00401071       215.76
    85  -0.00304412  -0.00251890   0.00395114       219.61
    86  -0.00278500  -0.00266880   0.00385729       223.78
    87  -0.00248028  -0.00279210   0.00373465       228.38
    88  -0.00213340  -0.00288761   0.00359022       233.54
    89  -0.00174800  -0.00295443   0.00343281       239.39
    90  -0.00132776  -0.00299189   0.00327327       246.07
    91  -0.00087634  -0.00299947   0.00312487       253.71
    92  -0.00039547  -0.00297606   0.00300222       262.43
    93   0.00010875  -0.00292193   0.00292396       272.13
    94   0.00066476  -0.00282441   0.00290159       283.24
    95   0.00145096  -0.00264636   0.00301802       -61.26
    96   0.00225949  -0.00241583   0.00330779       -46.92
    97   0.00229719  -0.00303010   0.00380244       -52.83
    98   0.00250382  -0.00289126   0.00382472       -49.11
    99   0.00284547  -0.00260930   0.00386072       -42.52
   100   0.00318645  -0.00226767   0.00391098       -35.44
   101   0.00352568  -0.00186551   0.00398881       -27.88
   102   0.00384704  -0.00141137   0.00409776       -20.15
   103   0.00414153  -0.00090939   0.00424020       -12.38
   104   0.00440168  -0.00036292   0.00441661        -4.71
   105   0.00462175   0.00022944   0.00462745         2.84
   106   0.00479731   0.00086146   0.00487405        10.18
   107   0.00492503   0.00160115   0.00517876        18.01
   108   0.00500257   0.00220661   0.00546762        23.80
   109   0.00502857   0.00436750   0.00666045        40.98
   110   0.00500257   0.00220661   0.00546762        23.80
   111   0.00492503   0.00160115   0.00517876        18.01
   112   0.00479731   0.00086146   0.00487405        10.18
   113   0.00462175   0.00022944   0.00462745         2.84
   114   0.00440168  -0.00036292   0.00441661        -4.71
   115   0.00414153  -0.00090939   0.00424020       -12.38
   116   0.00384704  -0.00141137   0.00409776       -20.15
   117   0.00352568  -0.00186551   0.00398881       -27.88
   118   0.00318645  -0.00226767   0.00391098       -35.44
   119   0.00284547  -0.00260930   0.00386072       -42.52
   120   0.00250382  -0.00289126   0.00382472       -49.11
   121   0.00229719  -0.00303010   0.00380244       -52.83



     i     Im[i].re     Im[i].im      |Im[i]|   PhaseIm[i] 
     1  -0.00302919   0.00217551   0.00372945       144.31
     2  -0.00352693   0.00195387   0.00403198       151.01
     3  -0.00148493  -0.00123897   0.00193393      -140.16
     4  -0.00179442  -0.00144324   0.00230280      -141.19
     5  -0.00206797  -0.00164453   0.00264216      -141.51
     6  -0.00230923  -0.00184283   0.00295441      -141.41
     7  -0.00251166  -0.00203138   0.00323031      -141.03
     8  -0.00267284  -0.00220623   0.00346576      -140.46
     9  -0.00279069  -0.00236377   0.00365723      -139.73
    10  -0.00286385  -0.00250090   0.00380212      -138.87
    11  -0.00289146  -0.00261494   0.00389852      -137.87
    12  -0.00287313  -0.00270361   0.00394517      -136.74
    13  -0.00280895  -0.00276501   0.00394151      -135.45
    14  -0.00269941  -0.00279760   0.00388759      -133.98
    15  -0.00254540  -0.00280020   0.00378420      -132.27
    16  -0.00234813  -0.00277196   0.00363283      -130.27
    17  -0.00210907  -0.00271235   0.00343585      -127.87
    18  -0.00182982  -0.00262111   0.00319663      -124.92
    19  -0.00151216  -0.00249828   0.00292028      -121.19
    20  -0.00115683  -0.00234359   0.00261355      -116.27
    21  -0.00076834  -0.00215935   0.00229197      -109.59
    22  -0.00032831  -0.00193441   0.00196207       -99.63
    23   0.00032261  -0.00158683   0.00161929       -78.51
    24   0.00102211  -0.00120026   0.00157650       -49.58
    25   0.00170311  -0.00078568   0.00187560       -24.76
    26   0.00229977  -0.00035874   0.00232759        -8.87
    27   0.00267639  -0.00004450   0.00267676        -0.95
    28   0.00297550   0.00025635   0.00298653         4.92
    29   0.00321798   0.00055435   0.00326538         9.77
    30   0.00340051   0.00084531   0.00350400        13.96
    31   0.00352405   0.00112746   0.00370001        17.74
    32   0.00358878   0.00139829   0.00385156        21.29
    33   0.00359530   0.00165531   0.00395806        24.72
    34   0.00354457   0.00189603   0.00401981        28.14
    35   0.00343796   0.00211803   0.00403802        31.64
    36   0.00327730   0.00231907   0.00401482        35.28
    37   0.00306489   0.00249709   0.00395336        39.17
    38   0.00280346   0.00265031   0.00385792        43.39
    39   0.00249615   0.00277720   0.00373412        48.05
    40   0.00214642   0.00287654   0.00358909        53.27
    41   0.00175797   0.00294738   0.00343184        59.19
    42   0.00133451   0.00298901   0.00327339        65.94
    43   0.00087974   0.00300088   0.00312717        73.66
    44   0.00039544   0.00298184   0.00300795        82.45
    45  -0.00011224   0.00293211   0.00293426        92.19
    46  -0.00067189   0.00283922   0.00291764       103.31
    47  -0.00146299   0.00266747   0.00304232       118.74
    48  -0.00227628   0.00244312   0.00333921       132.98
    49   0.00302919  -0.00217551   0.00372945       -35.69
    50   0.00352693  -0.00195387   0.00403198       -28.99
    51   0.00148493   0.00123897   0.00193393        39.84
    52   0.00179442   0.00144324   0.00230280        38.81
    53   0.00206797   0.00164453   0.00264216        38.49
    54   0.00230923   0.00184283   0.00295441        38.59
    55   0.00251166   0.00203138   0.00323031        38.97
    56   0.00267284   0.00220623   0.00346576        39.54
    57   0.00279069   0.00236377   0.00365723        40.27
    58   0.00286385   0.00250090   0.00380212        41.13
    59   0.00289146   0.00261494   0.00389852        42.13
    60   0.00287313   0.00270361   0.00394517        43.26
    61   0.00280895   0.00276501   0.00394151        44.55
    62   0.00269941   0.00279760   0.00388759        46.02
    63   0.00254540   0.00280020   0.00378420        47.73
    64   0.00234813   0.00277196   0.00363283        49.73
    65   0.00210907   0.00271235   0.00343585        52.13
    66   0.00182982   0.00262111   0.00319663        55.08
    67   0.00151216   0.00249828   0.00292028        58.81
    68   0.00115683   0.00234359   0.00261355        63.73
    69   0.00076834   0.00215935   0.00229197        70.41
    70   0.00032831   0.00193441   0.00196207        80.37
    71  -0.00032261   0.00158683   0.00161929       101.49
    72  -0.00102211   0.00120026   0.00157650       130.42
    73  -0.00170311   0.00078568   0.00187560       155.24
    74  -0.00229977   0.00035874   0.00232759       171.13
    75  -0.00267639   0.00004450   0.00267676       179.05
    76  -0.00297550  -0.00025635   0.00298653       184.92
    77  -0.00321798  -0.00055435   0.00326538       189.77
    78  -0.00340051  -0.00084531   0.00350400       193.96
    79  -0.00352405  -0.00112746   0.00370001       197.74
    80  -0.00358878  -0.00139829   0.00385156       201.29
    81  -0.00359530  -0.00165531   0.00395806       204.72
    82  -0.00354457  -0.00189603   0.00401981       208.14
    83  -0.00343796  -0.00211803   0.00403802       211.64
    84  -0.00327730  -0.00231907   0.00401482       215.28
    85  -0.00306489  -0.00249709   0.00395336       219.17
    86  -0.00280346  -0.00265031   0.00385792       223.39
    87  -0.00249615  -0.00277720   0.00373412       228.05
    88  -0.00214642  -0.00287653   0.00358909       233.27
    89  -0.00175797  -0.00294738   0.00343184       239.19
    90  -0.00133451  -0.00298901   0.00327339       245.94
    91  -0.00087974  -0.00300088   0.00312717       253.66
    92  -0.00039544  -0.00298184   0.00300795       262.45
    93   0.00011224  -0.00293211   0.00293426       272.19
    94   0.00067189  -0.00283922   0.00291764       283.31
    95   0.00146299  -0.00266747   0.00304232       -61.26
    96   0.00227628  -0.00244312   0.00333921       -47.02
    97   0.00230542  -0.00304366   0.00381823       -52.86
    98   0.00251324  -0.00290602   0.00384205       -49.15
    99   0.00285687  -0.00262590   0.00388034       -42.59
   100   0.00319985  -0.00228598   0.00393253       -35.54
   101   0.00354112  -0.00188541   0.00401177       -28.03
   102   0.00386443  -0.00143264   0.00412144       -20.34
   103   0.00416073  -0.00093179   0.00426379       -12.62
   104   0.00442250  -0.00038616   0.00443932        -4.99
   105   0.00464395   0.00020567   0.00464850         2.54
   106   0.00482061   0.00083748   0.00489282         9.86
   107   0.00494913   0.00157734   0.00519441        17.68
   108   0.00502717   0.00218310   0.00548072        23.47
   109   0.00505333   0.00434626   0.00666530        40.70
   110   0.00502717   0.00218310   0.00548072        23.47
   111   0.00494913   0.00157734   0.00519441        17.68
   112   0.00482061   0.00083748   0.00489282         9.86
   113   0.00464395   0.00020567   0.00464850         2.54
   114   0.00442250  -0.00038616   0.00443932        -4.99
   115   0.00416073  -0.00093179   0.00426380       -12.62
   116   0.00386443  -0.00143264   0.00412144       -20.34
   117   0.00354112  -0.00188541   0.00401177       -28.03
   118   0.00319985  -0.00228598   0.00393253       -35.54
   119   0.00285687  -0.00262590   0.00388034       -42.59
   120   0.00251324  -0.00290602   0.00384205       -49.15
   121   0.00230543  -0.00304367   0.00381823       -52.86



     i     Im[i].re     Im[i].im      |Im[i]|   PhaseIm[i] 
     1  -0.00305006   0.00220884   0.00376588       144.09
     2  -0.00355054   0.00199054   0.00407045       150.72
     3  -0.00150193  -0.00121458   0.00193158      -141.04
     4  -0.00181300  -0.00141736   0.00230128      -141.98
     5  -0.00208787  -0.00161763   0.00264120      -142.23
     6  -0.00233017  -0.00181533   0.00295383      -142.08
     7  -0.00253334  -0.00200371   0.00322997      -141.66
     8  -0.00269495  -0.00217883   0.00346555      -141.05
     9  -0.00281291  -0.00233704   0.00365708      -140.28
    10  -0.00288584  -0.00247524   0.00380196      -139.38
    11  -0.00291287  -0.00259073   0.00389830      -138.35
    12  -0.00289365  -0.00268121   0.00394488      -137.18
    13  -0.00282826  -0.00274474   0.00394115      -135.86
    14  -0.00271721  -0.00277975   0.00388719      -134.35
    15  -0.00256140  -0.00278503   0.00378381      -132.60
    16  -0.00236208  -0.00275972   0.00363256      -130.56
    17  -0.00212073  -0.00270325   0.00343585      -128.11
    18  -0.00183898  -0.00261532   0.00319714      -125.11
    19  -0.00151863  -0.00249595   0.00292165      -121.32
    20  -0.00116047  -0.00234486   0.00261630      -116.33
    21  -0.00076902  -0.00216432   0.00229688      -109.56
    22  -0.00032584  -0.00194332   0.00197044       -99.52
    23   0.00032953  -0.00160126   0.00163482       -78.37
    24   0.00103353  -0.00122031   0.00159917       -49.74
    25   0.00171880  -0.00081084   0.00190045       -25.26
    26   0.00231922  -0.00038797   0.00235145        -9.50
    27   0.00269820  -0.00007603   0.00269927        -1.61
    28   0.00299912   0.00022329   0.00300742         4.26
    29   0.00324297   0.00052035   0.00328445         9.12
    30   0.00342644   0.00081098   0.00352110        13.32
    31   0.00355046   0.00109338   0.00371501        17.12
    32   0.00361523   0.00136500   0.00386434        20.68
    33   0.00362136   0.00162333   0.00396856        24.15
    34   0.00356981   0.00186585   0.00402802        27.59
    35   0.00346197   0.00209011   0.00404398        31.12
    36   0.00329970   0.00229383   0.00401866        34.81
    37   0.00308532   0.00247490   0.00395530        38.73
    38   0.00282160   0.00263150   0.00385827        43.00
    39   0.00251171   0.00276206   0.00373332        47.72
    40   0.00215915   0.00286531   0.00358775        53.00
    41   0.00176767   0.00294027   0.00343072        58.99
    42   0.00134102   0.00298616   0.00327345        65.82
    43   0.00088294   0.00300239   0.00312953        73.61
    44   0.00039524   0.00298781   0.00301384        82.46
    45  -0.00011586   0.00294257   0.00294485        92.25
    46  -0.00067908   0.00285440   0.00293407       103.38
    47  -0.00147501   0.00268906   0.00306703       118.75
    48  -0.00229297   0.00247100   0.00337099       132.86
    49   0.00305006  -0.00220884   0.00376588       -35.91
    50   0.00355054  -0.00199054   0.00407045       -29.28
    51   0.00150193   0.00121458   0.00193158        38.96
    52   0.00181300   0.00141736   0.00230128        38.02
    53   0.00208787   0.00161763   0.00264120        37.77
    54   0.00233017   0.00181533   0.00295383        37.92
    55   0.00253334   0.00200371   0.00322997        38.34
    56   0.00269495   0.00217883   0.00346555        38.95
    57   0.00281291   0.00233704   0.00365708        39.72
    58   0.00288584   0.00247524   0.00380196        40.62
    59   0.00291287   0.00259073   0.00389830        41.65
    60   0.00289365   0.00268121   0.00394488        42.82
    61   0.00282826   0.00274474   0.00394115        44.14
    62   0.00271721   0.00277975   0.00388719        45.65
    63   0.00256140   0.00278503   0.00378381        47.40
    64   0.00236208   0.00275972   0.00363256        49.44
    65   0.00212073   0.00270325   0.00343585        51.89
    66   0.00183898   0.00261532   0.0031