 [antenna_field.dat]

  É” = 90.000 Åãplane
   --    >>-------   -------   --EÉ”--   -------   -------<< ** >>-------   -------   --EÉ∆--   -------   -------<< ** >>-------   --------<<
 É∆(deg)   FRAD.re   FRAD.im    |FRAD|    FPHASE  FGAI(dB)   **   TRAD.re   TRAD.im    |TRAD|    TPHASE  TGAI(dB)   ** TFGAI(dB)    TPHASE
 -90.000  -0.27496  -0.33824   0.43590  -129.108    2.0246   **   0.03778  -0.10039   0.10726   -69.378  -10.1544   **    2.2799   -59.7309 
 -89.000  -0.27239  -0.33372   0.43077  -129.222    1.9217   **   0.03372  -0.09788   0.10353   -70.990  -10.4619   **    2.1656   -58.2324 
 -88.000  -0.26985  -0.32922   0.42568  -129.340    1.8185   **   0.02957  -0.09523   0.09971   -72.751  -10.7883   **    2.0505   -56.5890 
 -87.000  -0.26736  -0.32475   0.42065  -129.464    1.7151   **   0.02531  -0.09242   0.09582   -74.687  -11.1339   **    1.9348   -54.7770 
 -86.000  -0.26491  -0.32031   0.41566  -129.592    1.6115   **   0.02094  -0.08946   0.09188   -76.823  -11.4987   **    1.8187   -52.7687 
 -85.000  -0.26249  -0.31589   0.41072  -129.726    1.5076   **   0.01648  -0.08635   0.08791   -79.194  -11.8821   **    1.7022   -50.5317 
 -84.000  -0.26012  -0.31150   0.40583  -129.865    1.4036   **   0.01192  -0.08310   0.08395   -81.837  -12.2829   **    1.5855   -48.0281 
 -83.000  -0.25780  -0.30713   0.40098  -130.009    1.2993   **   0.00726  -0.07969   0.08002   -84.795  -12.6989   **    1.4689   -45.2143 
 -82.000  -0.25552  -0.30279   0.39619  -130.160    1.1950   **   0.00250  -0.07614   0.07618   -88.119  -13.1262   **    1.3526   -42.0414 
 -81.000  -0.25328  -0.29848   0.39146  -130.317    1.0904   **  -0.00235  -0.07244   0.07248   -91.861  -13.5589   **    1.2368   -38.4557 
 -80.000  -0.25108  -0.29419   0.38677  -130.480    0.9858   **  -0.00730  -0.06860   0.06898   -96.077  -13.9883   **    1.1218   -34.4023 
 -79.000  -0.24893  -0.28993   0.38214  -130.649    0.8811   **  -0.01235  -0.06460   0.06577  -100.819  -14.4022   **    1.0079   -29.8299 
 -78.000  -0.24683  -0.28570   0.37756  -130.825    0.7764   **  -0.01748  -0.06047   0.06294  -106.124  -14.7841   **    0.8955   -24.7008 
 -77.000  -0.24477  -0.28149   0.37303  -131.008    0.6716   **  -0.02271  -0.05619   0.06060  -112.004  -15.1135   **    0.7848   -19.0042 
 -76.000  -0.24276  -0.27732   0.36856  -131.198    0.5669   **  -0.02802  -0.05176   0.05886  -118.426  -15.3668   **    0.6763   -12.7725 
 -75.000  -0.24079  -0.27316   0.36414  -131.395    0.4621   **  -0.03342  -0.04720   0.05783  -125.300  -15.5202   **    0.5703    -6.0957 
 -74.000  -0.23887  -0.26904   0.35978  -131.600    0.3575   **  -0.03890  -0.04249   0.05761  -132.475  -15.5539   **    0.4674     0.8747 
 -73.000  -0.23699  -0.26494   0.35547  -131.813    0.2529   **  -0.04446  -0.03764   0.05826  -139.752  -15.4564   **    0.3680     7.9387 
 -72.000  -0.23517  -0.26087   0.35123  -132.033    0.1485   **  -0.05011  -0.03265   0.05981  -146.912  -15.2283   **    0.2726    14.8783 
 -71.000  -0.23339  -0.25683   0.34703  -132.262    0.0442   **  -0.05583  -0.02752   0.06224  -153.758  -14.8813   **    0.1818    21.4958 
 -70.000  -0.23166  -0.25282   0.34290  -132.499   -0.0598   **  -0.06162  -0.02226   0.06552  -160.142  -14.4359   **    0.0959    27.6433 
 -69.000  -0.22997  -0.24884   0.33883  -132.744   -0.1636   **  -0.06749  -0.01685   0.06956  -165.979  -13.9158   **    0.0157    33.2349 
 -68.000  -0.22834  -0.24488   0.33482  -132.998   -0.2670   **  -0.07342  -0.01132   0.07429  -171.239  -13.3444   **   -0.0583    38.2413 
 -67.000  -0.22675  -0.24095   0.33087  -133.261   -0.3701   **  -0.07943  -0.00564   0.07963  -175.936  -12.7421   **   -0.1256    42.6756 
 -66.000  -0.22521  -0.23706   0.32698  -133.532   -0.4727   **  -0.08549   0.00016   0.08549   179.891  -12.1249   **   -0.1856  -313.4235 
 -65.000  -0.22372  -0.23319   0.32316  -133.813   -0.5749   **  -0.09161   0.00610   0.09182   176.191  -11.5048   **   -0.2378  -310.0044 
 -64.000  -0.22228  -0.22936   0.31940  -134.103   -0.6766   **  -0.09779   0.01216   0.09855   172.909  -10.8903   **   -0.2816  -307.0121 
 -63.000  -0.22089  -0.22556   0.31571  -134.402   -0.7776   **  -0.10403   0.01836   0.10564   169.992  -10.2870   **   -0.3167  -304.3934 
 -62.000  -0.21955  -0.22179   0.31208  -134.710   -0.8779   **  -0.11031   0.02468   0.11304   167.390   -9.6987   **   -0.3426  -302.0998 
 -61.000  -0.21826  -0.21805   0.30852  -135.028   -0.9775   **  -0.11664   0.03112   0.12072   165.061   -9.1275   **   -0.3588  -300.0883 
 -60.000  -0.21702  -0.21435   0.30503  -135.355   -1.0763   **  -0.12301   0.03769   0.12866   162.967   -8.5746   **   -0.3652  -298.3215 
 -59.000  -0.21583  -0.21069   0.30162  -135.691   -1.1741   **  -0.12943   0.04437   0.13682   161.076   -8.0402   **   -0.3615  -296.7675 
 -58.000  -0.21469  -0.20706   0.29827  -136.037   -1.2710   **  -0.13587   0.05117   0.14519   159.362   -7.5246   **   -0.3475  -295.3990 
 -57.000  -0.21360  -0.20347   0.29500  -136.392   -1.3667   **  -0.14235   0.05809   0.15375   157.801   -7.0272   **   -0.3232  -294.1927 
 -56.000  -0.21256  -0.19992   0.29181  -136.756   -1.4613   **  -0.14886   0.06512   0.16247   156.373   -6.5475   **   -0.2885  -293.1291 
 -55.000  -0.21158  -0.19641   0.28869  -137.129   -1.5546   **  -0.15538   0.07225   0.17136   155.062   -6.0850   **   -0.2437  -292.1912 
 -54.000  -0.21064  -0.19294   0.28565  -137.511   -1.6464   **  -0.16193   0.07949   0.18039   153.854   -5.6389   **   -0.1889  -291.3647 
 -53.000  -0.20976  -0.18952   0.28270  -137.902   -1.7368   **  -0.16850   0.08684   0.18956   152.735   -5.2085   **   -0.1243  -290.6372 
 -52.000  -0.20893  -0.18614   0.27982  -138.301   -1.8257   **  -0.17507   0.09428   0.19884   151.697   -4.7931   **   -0.0504  -289.9982 
 -51.000  -0.20815  -0.18281   0.27703  -138.708   -1.9128   **  -0.18165   0.10181   0.20824   150.731   -4.3920   **    0.0325  -289.4384 
 -50.000  -0.20742  -0.17953   0.27432  -139.123   -1.9980   **  -0.18824   0.10944   0.21774   149.827   -4.0046   **    0.1239  -288.9498 
 -49.000  -0.20674  -0.17629   0.27170  -139.545   -2.0814   **  -0.19482   0.11715   0.22733   148.981   -3.6302   **    0.2232  -288.5254 
 -48.000  -0.20612  -0.17311   0.26917  -139.974   -2.1627   **  -0.20139   0.12494   0.23700   148.185   -3.2682   **    0.3299  -288.1590 
 -47.000  -0.20554  -0.16999   0.26673  -140.409   -2.2419   **  -0.20796   0.13281   0.24675   147.436   -2.9180   **    0.4435  -287.8451 
 -46.000  -0.20502  -0.16691   0.26438  -140.850   -2.3188   **  -0.21451   0.14075   0.25657   146.728   -2.5792   **    0.5632  -287.5788 
 -45.000  -0.20456  -0.16390   0.26212  -141.297   -2.3933   **  -0.22104   0.14876   0.26644   146.059   -2.2513   **    0.6886  -287.3558 
 -44.000  -0.20414  -0.16094   0.25995  -141.748   -2.4653   **  -0.22755   0.15683   0.27636   145.424   -1.9337   **    0.8189  -287.1719 
 -43.000  -0.20378  -0.15805   0.25788  -142.203   -2.5347   **  -0.23402   0.16496   0.28632   144.820   -1.6262   **    0.9536  -287.0236 
 -42.000  -0.20347  -0.15521   0.25591  -142.662   -2.6015   **  -0.24047   0.17314   0.29631   144.246   -1.3282   **    1.0920  -286.9076 
 -41.000  -0.20321  -0.15245   0.25403  -143.123   -2.6654   **  -0.24688   0.18136   0.30633   143.698   -1.0394   **    1.2336  -286.8207 
 -40.000  -0.20300  -0.14975   0.25226  -143.585   -2.7264   **  -0.25324   0.18962   0.31637   143.175   -0.7594   **    1.3778  -286.7602 
 -39.000  -0.20284  -0.14711   0.25058  -144.048   -2.7845   **  -0.25956   0.19791   0.32641   142.675   -0.4881   **    1.5241  -286.7233 
 -38.000  -0.20274  -0.14455   0.24899  -144.512   -2.8394   **  -0.26583   0.20623   0.33644   142.196   -0.2250   **    1.6719  -286.7077 
 -37.000  -0.20269  -0.14206   0.24751  -144.974   -2.8912   **  -0.27204   0.21456   0.34647   141.737    0.0301   **    1.8209  -286.7108 
 -36.000  -0.20269  -0.13964   0.24613  -145.435   -2.9398   **  -0.27819   0.22291   0.35648   141.296    0.2775   **    1.9705  -286.7306 
 -35.000  -0.20274  -0.13730   0.24485  -145.893   -2.9851   **  -0.28428   0.23125   0.36646   140.872    0.5173   **    2.1203  -286.7650 
 -34.000  -0.20284  -0.13504   0.24367  -146.347   -3.0270   **  -0.29030   0.23960   0.37640   140.465    0.7498   **    2.2700  -286.8118 
 -33.000  -0.20299  -0.13285   0.24259  -146.796   -3.0656   **  -0.29624   0.24793   0.38630   140.073    0.9753   **    2.4191  -286.8694 
 -32.000  -0.20319  -0.13074   0.24162  -147.240   -3.1007   **  -0.30211   0.25624   0.39615   139.696    1.1939   **    2.5674  -286.9358 
 -31.000  -0.20343  -0.12872   0.24074  -147.677   -3.1324   **  -0.30790   0.26453   0.40592   139.332    1.4057   **    2.7145  -287.0094 
 -30.000  -0.20373  -0.12678   0.23996  -148.107   -3.1606   **  -0.31360   0.27278   0.41563   138.982    1.6110   **    2.8603  -287.0886 
 -29.000  -0.20408  -0.12492   0.23927  -148.528   -3.1853   **  -0.31921   0.28098   0.42526   138.644    1.8098   **    3.0043  -287.1718 
 -28.000  -0.20447  -0.12315   0.23869  -148.940   -3.2065   **  -0.32472   0.28914   0.43479   138.318    2.0024   **    3.1464  -287.2577 
 -27.000  -0.20491  -0.12146   0.23820  -149.342   -3.2243   **  -0.33014   0.29723   0.44422   138.003    2.1888   **    3.2864  -287.3448 
 -26.000  -0.20539  -0.11987   0.23781  -149.732   -3.2386   **  -0.33546   0.30525   0.45355   137.700    2.3692   **    3.4241  -287.4319 
 -25.000  -0.20592  -0.11836   0.23751  -150.111   -3.2495   **  -0.34067   0.31319   0.46275   137.407    2.5437   **    3.5593  -287.5179 
 -24.000  -0.20650  -0.11694   0.23731  -150.478   -3.2569   **  -0.34577   0.32104   0.47183   137.124    2.7124   **    3.6918  -287.6016 
 -23.000  -0.20712  -0.11561   0.23720  -150.831   -3.2611   **  -0.35075   0.32880   0.48076   136.851    2.8754   **    3.8216  -287.6820 
 -22.000  -0.20778  -0.11436   0.23717  -151.171   -3.2620   **  -0.35563   0.33644   0.48956   136.588    3.0328   **    3.9484  -287.7583 
 -21.000  -0.20848  -0.11321   0.23724  -151.496   -3.2596   **  -0.36038   0.34398   0.49819   136.334    3.1847   **    4.0723  -287.8296 
 -20.000  -0.20922  -0.11215   0.23739  -151.806   -3.2541   **  -0.36500   0.35139   0.50666   136.089    3.3310   **    4.1930  -287.8953 
 -19.000  -0.21000  -0.11118   0.23762  -152.102   -3.2455   **  -0.36950   0.35866   0.51495   135.853    3.4721   **    4.3104  -287.9545 
 -18.000  -0.21082  -0.11031   0.23794  -152.381   -3.2340   **  -0.37387   0.36580   0.52306   135.626    3.6078   **    4.4246  -288.0070 
 -17.000  -0.21168  -0.10952   0.23833  -152.645   -3.2195   **  -0.37811   0.37278   0.53097   135.407    3.7382   **    4.5354  -288.0520 
 -16.000  -0.21258  -0.10882   0.23881  -152.892   -3.2022   **  -0.38221   0.37959   0.53868   135.197    3.8634   **    4.6427  -288.0894 
 -15.000  -0.21351  -0.10821   0.23936  -153.124   -3.1822   **  -0.38618   0.38624   0.54618   134.995    3.9836   **    4.7465  -288.1188 
 -14.000  -0.21447  -0.10769   0.23998  -153.338   -3.1596   **  -0.39000   0.39271   0.55346   134.802    4.0986   **    4.8468  -288.1401 
 -13.000  -0.21546  -0.10725   0.24068  -153.537   -3.1344   **  -0.39368   0.39899   0.56052   134.616    4.2085   **    4.9434  -288.1530 
 -12.000  -0.21649  -0.10690   0.24144  -153.719   -3.1069   **  -0.39721   0.40508   0.56733   134.438    4.3135   **    5.0364  -288.1576 
 -11.000  -0.21754  -0.10664   0.24227  -153.885   -3.0771   **  -0.40060   0.41095   0.57390   134.269    4.4135   **    5.1257  -288.1540 
 -10.000  -0.21862  -0.10646   0.24317  -154.035   -3.0451   **  -0.40383   0.41662   0.58021   134.107    4.5085   **    5.2113  -288.1422 
  -9.000  -0.21973  -0.10637   0.24412  -154.169   -3.0110   **  -0.40691   0.42206   0.58627   133.953    4.5987   **    5.2931  -288.1225 
  -8.000  -0.22087  -0.10635   0.24514  -154.288   -2.9750   **  -0.40984   0.42727   0.59205   133.807    4.6840   **    5.3712  -288.0950 
  -7.000  -0.22202  -0.10642   0.24621  -154.392   -2.9371   **  -0.41261   0.43224   0.59756   133.668    4.7644   **    5.4454  -288.0601 
  -6.000  -0.22320  -0.10656   0.24734  -154.480   -2.8975   **  -0.41522   0.43697   0.60278   133.538    4.8400   **    5.5158  -288.0182 
  -5.000  -0.22441  -0.10677   0.24851  -154.555   -2.8563   **  -0.41767   0.44144   0.60772   133.415    4.9108   **    5.5823  -287.9697 
  -4.000  -0.22562  -0.10706   0.24974  -154.615   -2.8136   **  -0.41996   0.44566   0.61235   133.300    4.9768   **    5.6450  -287.9150 
  -3.000  -0.22686  -0.10742   0.25101  -154.662   -2.7694   **  -0.42209   0.44960   0.61669   133.192    5.0381   **    5.7038  -287.8547 
  -2.000  -0.22811  -0.10785   0.25232  -154.696   -2.7241   **  -0.42406   0.45327   0.62071   133.093    5.0946   **    5.7587  -287.7894 
  -1.000  -0.22938  -0.10834   0.25368  -154.718   -2.6775   **  -0.42586   0.45666   0.62442   133.001    5.1463   **    5.8098  -287.7195 
   0.000  -0.23066  -0.10889   0.25507  -154.729   -2.6299   **  -0.42750   0.45977   0.62781   132.917    5.1933   **    5.8569  -287.6459 
   1.000  -0.23195  -0.10951   0.25650  -154.728   -2.5813   **  -0.42897   0.46258   0.63087   132.841    5.2356   **    5.9000  -287.5690 
   2.000  -0.23326  -0.11018   0.25797  -154.716   -2.5319   **  -0.43028   0.46510   0.63361   132.773    5.2732   **    5.9393  -287.4896 
   3.000  -0.23457  -0.11090   0.25946  -154.695   -2.4818   **  -0.43142   0.46731   0.63601   132.713    5.3060   **    5.9746  -287.4084 
   4.000  -0.23588  -0.11168   0.26098  -154.665   -2.4310   **  -0.43240   0.46922   0.63807   132.661    5.3342   **    6.0060  -287.3261 
   5.000  -0.23720  -0.11250   0.26253  -154.626   -2.3797   **  -0.43321   0.47082   0.63980   132.618    5.3576   **    6.0334  -287.2434 
   6.000  -0.23853  -0.11337   0.26410  -154.579   -2.3279   **  -0.43385   0.47211   0.64118   132.582    5.3763   **    6.0569  -287.1610 
   7.000  -0.23986  -0.11428   0.26569  -154.525   -2.2758   **  -0.43433   0.47307   0.64221   132.555    5.3904   **    6.0765  -287.0798 
   8.000  -0.24118  -0.11522   0.26729  -154.464   -2.2234   **  -0.43464   0.47372   0.64290   132.536    5.3997   **    6.0921  -287.0004 
   9.000  -0.24251  -0.11620   0.26892  -154.398   -2.1709   **  -0.43478   0.47405   0.64324   132.526    5.4043   **    6.1038  -286.9237 
  10.000  -0.24384  -0.11721   0.27055  -154.326   -2.1183   **  -0.43476   0.47406   0.64323   132.524    5.4041   **    6.1116  -286.8503 
  11.000  -0.24516  -0.11825   0.27219  -154.250   -2.0657   **  -0.43458   0.47374   0.64287   132.531    5.3993   **    6.1154  -286.7810 
  12.000  -0.24648  -0.11932   0.27384  -154.170   -2.0132   **  -0.43423   0.47310   0.64216   132.547    5.3897   **    6.1153  -286.7166 
  13.000  -0.24780  -0.12040   0.27550  -154.086   -1.9608   **  -0.43372   0.47213   0.64110   132.572    5.3754   **    6.1113  -286.6578 
  14.000  -0.24910  -0.12150   0.27716  -153.999   -1.9088   **  -0.43305   0.47083   0.63970   132.606    5.3563   **    6.1034  -286.6054 
  15.000  -0.25040  -0.12262   0.27881  -153.910   -1.8570   **  -0.43222   0.46921   0.63794   132.650    5.3324   **    6.0916  -286.5600 
  16.000  -0.25169  -0.12374   0.28047  -153.820   -1.8056   **  -0.43122   0.46727   0.63584   132.703    5.3038   **    6.0759  -286.5225 
  17.000  -0.25297  -0.12487   0.28212  -153.728   -1.7547   **  -0.43008   0.46501   0.63340   132.765    5.2704   **    6.0563  -286.4936 
  18.000  -0.25425  -0.12601   0.28376  -153.636   -1.7042   **  -0.42877   0.46242   0.63062   132.838    5.2321   **    6.0329  -286.4738 
  19.000  -0.25550  -0.12715   0.28539  -153.544   -1.6544   **  -0.42732   0.45952   0.62750   132.920    5.1891   **    6.0056  -286.4641 
  20.000  -0.25675  -0.12828   0.28701  -153.452   -1.6052   **  -0.42571   0.45631   0.62405   133.013    5.1412   **    5.9745  -286.4649 
  21.000  -0.25798  -0.12941   0.28862  -153.361   -1.5567   **  -0.42394   0.45278   0.62027   133.116    5.0884   **    5.9396  -286.4771 
  22.000  -0.25920  -0.13053   0.29021  -153.271   -1.5089   **  -0.42204   0.44895   0.61617   133.230    5.0308   **    5.9010  -286.5013 
  23.000  -0.26041  -0.13164   0.29179  -153.183   -1.4618   **  -0.41998   0.44482   0.61175   133.355    4.9683   **    5.8585  -286.5381 
  24.000  -0.26160  -0.13273   0.29335  -153.097   -1.4156   **  -0.41778   0.44039   0.60703   133.491    4.9009   **    5.8124  -286.5883 
  25.000  -0.26277  -0.13381   0.29488  -153.014   -1.3703   **  -0.41544   0.43567   0.60199   133.638    4.8286   **    5.7626  -286.6524 
  26.000  -0.26393  -0.13487   0.29639  -152.933   -1.3258   **  -0.41295   0.43066   0.59666   133.798    4.7513   **    5.7091  -286.7310 
  27.000  -0.26508  -0.13590   0.29788  -152.856   -1.2823   **  -0.41034   0.42537   0.59103   133.969    4.6690   **    5.6521  -286.8249 
  28.000  -0.26620  -0.13692   0.29935  -152.782   -1.2397   **  -0.40758   0.41982   0.58512   134.153    4.5817   **    5.5914  -286.9347 
  29.000  -0.26731  -0.13790   0.30079  -152.712   -1.1980   **  -0.40469   0.41400   0.57894   134.349    4.4894   **    5.5272  -287.0609 
  30.000  -0.26841  -0.13886   0.30220  -152.646   -1.1574   **  -0.40168   0.40792   0.57249   134.558    4.3921   **    5.4596  -287.2042 
  31.000  -0.26948  -0.13978   0.30358  -152.584   -1.1177   **  -0.39854   0.40159   0.56578   134.781    4.2897   **    5.3886  -287.3652 
  32.000  -0.27055  -0.14068   0.30493  -152.527   -1.0791   **  -0.39527   0.39502   0.55882   135.018    4.1822   **    5.3142  -287.5445 
  33.000  -0.27159  -0.14154   0.30626  -152.474   -1.0415   **  -0.39188   0.38822   0.55162   135.269    4.0696   **    5.2365  -287.7427 
  34.000  -0.27262  -0.14236   0.30755  -152.426   -1.0049   **  -0.38837   0.38120   0.54419   135.534    3.9518   **    5.1556  -287.9605 
  35.000  -0.27363  -0.14315   0.30881  -152.384   -0.9694   **  -0.38475   0.37396   0.53654   135.815    3.8289   **    5.0715  -288.1984 
  36.000  -0.27462  -0.14390   0.31004  -152.346   -0.9348   **  -0.38102   0.36652   0.52869   136.111    3.7008   **    4.9845  -288.4570 
  37.000  -0.27561  -0.14461   0.31124  -152.314   -0.9013   **  -0.37717   0.35889   0.52063   136.423    3.5674   **    4.8944  -288.7370 
  38.000  -0.27657  -0.14528   0.31241  -152.287   -0.8688   **  -0.37323   0.35107   0.51239   136.752    3.4288   **    4.8016  -289.0390 
  39.000  -0.27752  -0.14592   0.31354  -152.265   -0.8373   **  -0.36917   0.34308   0.50398   137.098    3.2850   **    4.7059  -289.3636 
  40.000  -0.27846  -0.14651   0.31465  -152.250   -0.8067   **  -0.36502   0.33493   0.49540   137.462    3.1358   **    4.6077  -289.7115 
  41.000  -0.27938  -0.14706   0.31572  -152.239   -0.7771   **  -0.36078   0.32663   0.48667   137.844    2.9814   **    4.5069  -290.0833 
  42.000  -0.28029  -0.14757   0.31677  -152.234   -0.7484   **  -0.35643   0.31818   0.47779   138.245    2.8216   **    4.4038  -290.4797 
  43.000  -0.28119  -0.14804   0.31778  -152.235   -0.7207   **  -0.35200   0.30961   0.46879   138.666    2.6564   **    4.2985  -290.9013 
  44.000  -0.28208  -0.14846   0.31876  -152.242   -0.6938   **  -0.34749   0.30093   0.45968   139.107    2.4859   **    4.1911  -291.3488 
  45.000  -0.28296  -0.14885   0.31972  -152.254   -0.6678   **  -0.34289   0.29214   0.45046   139.569    2.3099   **    4.0817  -291.8230 
  46.000  -0.28383  -0.14920   0.32065  -152.271   -0.6426   **  -0.33821   0.28325   0.44115   140.054    2.1286   **    3.9707  -292.3245 
  47.000  -0.28469  -0.14950   0.32156  -152.294   -0.6181   **  -0.33345   0.27429   0.43177   140.560    1.9418   **    3.8581  -292.8540 
  48.000  -0.28554  -0.14977   0.32243  -152.322   -0.5944   **  -0.32862   0.26526   0.42232   141.091    1.7496   **    3.7442  -293.4124 
  49.000  -0.28638  -0.15000   0.32329  -152.355   -0.5713   **  -0.32373   0.25617   0.41282   141.645    1.5520   **    3.6291  -294.0004 
  50.000  -0.28722  -0.15020   0.32413  -152.393   -0.5490   **  -0.31876   0.24703   0.40328   142.226    1.3489   **    3.5131  -294.6187 
  51.000  -0.28806  -0.15036   0.32494  -152.436   -0.5272   **  -0.31374   0.23786   0.39371   142.832    1.1404   **    3.3965  -295.2682 
  52.000  -0.28889  -0.15049   0.32573  -152.484   -0.5059   **  -0.30865   0.22868   0.38414   143.466    0.9265   **    3.2793  -295.9498 
  53.000  -0.28972  -0.15058   0.32651  -152.536   -0.4852   **  -0.30351   0.21948   0.37456   144.128    0.7071   **    3.1620  -296.6642 
  54.000  -0.29054  -0.15065   0.32728  -152.593   -0.4649   **  -0.29832   0.21029   0.36499   144.819    0.4824   **    3.0448  -297.4123 
  55.000  -0.29137  -0.15068   0.32803  -152.654   -0.4450   **  -0.29308   0.20112   0.35545   145.541    0.2523   **    2.9279  -298.1950 
  56.000  -0.29220  -0.15069   0.32877  -152.719   -0.4255   **  -0.28779   0.19197   0.34594   146.295    0.0168   **    2.8116  -299.0133 
  57.000  -0.29302  -0.15068   0.32950  -152.787   -0.4062   **  -0.28246   0.18286   0.33649   147.081   -0.2239   **    2.6962  -299.8680 
  58.000  -0.29386  -0.15064   0.33022  -152.859   -0.3872   **  -0.27709   0.17381   0.32709   147.901   -0.4698   **    2.5820  -300.7601 
  59.000  -0.29469  -0.15058   0.33094  -152.933   -0.3684   **  -0.27169   0.16482   0.31777   148.757   -0.7209   **    2.4693  -301.6904 
  60.000  -0.29553  -0.15051   0.33165  -153.011   -0.3496   **  -0.26625   0.15590   0.30854   149.649   -0.9770   **    2.3583  -302.6600 
  61.000  -0.29638  -0.15042   0.33236  -153.091   -0.3309   **  -0.26079   0.14707   0.29940   150.579   -1.2382   **    2.2494  -303.6698 
  62.000  -0.29723  -0.15032   0.33308  -153.173   -0.3123   **  -0.25530   0.13834   0.29037   151.547   -1.5042   **    2.1429  -304.7206 
  63.000  -0.29809  -0.15021   0.33380  -153.257   -0.2935   **  -0.24979   0.12972   0.28146   152.556   -1.7749   **    2.0389  -305.8134 
  64.000  -0.29897  -0.15009   0.33452  -153.343   -0.2747   **  -0.24425   0.12121   0.27268   153.607   -2.0503   **    1.9379  -306.9491 
  65.000  -0.29985  -0.14996   0.33526  -153.429   -0.2556   **  -0.23871   0.11284   0.26403   154.699   -2.3301   **    1.8401  -308.1284 
  66.000  -0.30074  -0.14984   0.33600  -153.516   -0.2364   **  -0.23314   0.10460   0.25554   155.836   -2.6142   **    1.7457  -309.3522 
  67.000  -0.30165  -0.14972   0.33676  -153.604   -0.2168   **  -0.22757   0.09652   0.24720   157.017   -2.9024   **    1.6550  -310.6210 
  68.000  -0.30257  -0.14960   0.33753  -153.691   -0.1969   **  -0.22200   0.08859   0.23902   158.244   -3.1945   **    1.5682  -311.9355 
  69.000  -0.30350  -0.14949   0.33832  -153.778   -0.1767   **  -0.21641   0.08084   0.23102   159.518   -3.4903   **    1.4855  -313.2962 
  70.000  -0.30445  -0.14939   0.33913  -153.864   -0.1559   **  -0.21083   0.07326   0.22320   160.839   -3.7895   **    1.4070  -314.7034 
  71.000  -0.30542  -0.14930   0.33996  -153.949   -0.1347   **  -0.20525   0.06587   0.21556   162.208   -4.0919   **    1.3330  -316.1573 
  72.000  -0.30641  -0.14923   0.34081  -154.032   -0.1129   **  -0.19967   0.05867   0.20812   163.625   -4.3971   **    1.2635  -317.6578 
  73.000  -0.30741  -0.14918   0.34169  -154.113   -0.0905   **  -0.19411   0.05168   0.20087   165.091   -4.7050   **    1.1986  -319.2046 
  74.000  -0.30843  -0.14915   0.34260  -154.192   -0.0675   **  -0.18855   0.04490   0.19382   166.606   -5.0153   **    1.1384  -320.7974 
  75.000  -0.30947  -0.14916   0.34354  -154.267   -0.0437   **  -0.18300   0.03834   0.18697   168.168   -5.3276   **    1.0831  -322.4354 
  76.000  -0.31053  -0.14919   0.34451  -154.339   -0.0192   **  -0.17747   0.03200   0.18033   169.778   -5.6417   **    1.0325  -324.1175 
  77.000  -0.31161  -0.14925   0.34551  -154.408    0.0060   **  -0.17196   0.02590   0.17390   171.435   -5.9573   **    0.9867  -325.8423 
  78.000  -0.31272  -0.14935   0.34655  -154.472    0.0321   **  -0.16647   0.02004   0.16767   173.137   -6.2741   **    0.9456  -327.6082 
  79.000  -0.31385  -0.14949   0.34763  -154.531    0.0591   **  -0.16100   0.01442   0.16164   174.882   -6.5920   **    0.9092  -329.4130 
  80.000  -0.31499  -0.14967   0.34874  -154.585    0.0869   **  -0.15556   0.00905   0.15582   176.669   -6.9107   **    0.8774  -331.2545 
  81.000  -0.31617  -0.14990   0.34990  -154.634    0.1157   **  -0.15014   0.00394   0.15019   178.496   -7.2301   **    0.8502  -333.1297 
  82.000  -0.31737  -0.15018   0.35110  -154.677    0.1455   **  -0.14476  -0.00091   0.14476  -179.641   -7.5502   **    0.8273    24.9643 
  83.000  -0.31859  -0.15050   0.35235  -154.713    0.1762   **  -0.13941  -0.00549   0.13951  -177.744   -7.8709   **    0.8087    23.0310 
  84.000  -0.31983  -0.15089   0.35364  -154.743    0.2080   **  -0.13409  -0.00981   0.13445  -175.818   -8.1923   **    0.7943    21.0742 
  85.000  -0.32110  -0.15133   0.35498  -154.766    0.2408   **  -0.12881  -0.01385   0.12955  -173.864   -8.5146   **    0.7838    19.0978 
  86.000  -0.32240  -0.15183   0.35637  -154.782    0.2747   **  -0.12356  -0.01761   0.12481  -171.888   -8.8380   **    0.7772    17.1059 
  87.000  -0.32372  -0.15240   0.35780  -154.790    0.3097   **  -0.11836  -0.02110   0.12023  -169.893   -9.1631   **    0.7743    15.1027 
  88.000  -0.32507  -0.15304   0.35929  -154.790    0.3458   **  -0.11320  -0.02430   0.11578  -167.882   -9.4903   **    0.7749    13.0927 
  89.000  -0.32645  -0.15374   0.36084  -154.781    0.3830   **  -0.10809  -0.02723   0.11146  -165.861   -9.8205   **    0.7788    11.0801 
  90.000  -0.32785  -0.15452   0.36244  -154.764    0.4214   **  -0.10302  -0.02987   0.10726  -163.833  -10.1544   **    0.7860     9.0689 


   --    >>-------   -------   --ER --   -------   -------<< ** >>-------   -------   --EL --   -------   -------<< ** >>-------   --------<<
 É∆(deg)   RRAD.re   RRAD.im    |RRAD|    RPHASE  RGAI(dB)   **   LRAD.re   LRAD.im    |LRAD|    LPHASE  LGAI(dB)   ** TFGAI(dB)     AR(dB)
 -90.000   0.18801  -0.18768   0.26565   -44.949    0.7333   **  -0.15023   0.08729   0.17375   149.843   -2.9545   **    2.2799    13.5907 
 -89.000   0.18372  -0.18514   0.26082   -45.220    0.5740   **  -0.15000   0.08725   0.17353   149.814   -2.9655   **    2.1656    13.9371 
 -88.000   0.17939  -0.18254   0.25594   -45.498    0.4097   **  -0.14983   0.08731   0.17341   149.768   -2.9713   **    2.0505    14.3247 
 -87.000   0.17503  -0.17989   0.25099   -45.785    0.2401   **  -0.14972   0.08747   0.17340   149.706   -2.9719   **    1.9348    14.7594 
 -86.000   0.17063  -0.17718   0.24598   -46.080    0.0651   **  -0.14968   0.08772   0.17349   149.627   -2.9674   **    1.8187    15.2485 
 -85.000   0.16618  -0.17442   0.24092   -46.386   -0.1156   **  -0.14970   0.08807   0.17369   149.532   -2.9576   **    1.7022    15.8013 
 -84.000   0.16171  -0.17161   0.23580   -46.702   -0.3022   **  -0.14979   0.08851   0.17399   149.420   -2.9427   **    1.5855    16.4297 
 -83.000   0.15719  -0.16875   0.23062   -47.030   -0.4950   **  -0.14993   0.08905   0.17439   149.292   -2.9226   **    1.4689    17.1495 
 -82.000   0.15265  -0.16583   0.22539   -47.370   -0.6943   **  -0.15014   0.08969   0.17489   149.148   -2.8975   **    1.3526    17.9821 
 -81.000   0.14806  -0.16286   0.22010   -47.725   -0.9004   **  -0.15042   0.09042   0.17550   148.989   -2.8674   **    1.2368    18.9578 
 -80.000   0.14344  -0.15984   0.21477   -48.094   -1.1136   **  -0.15075   0.09124   0.17621   148.815   -2.8323   **    1.1218    20.1211 
 -79.000   0.13879  -0.15677   0.20938   -48.480   -1.3342   **  -0.15114   0.09216   0.17702   148.625   -2.7923   **    1.0079    21.5417 
 -78.000   0.13411  -0.15365   0.20394   -48.884   -1.5627   **  -0.15159   0.09318   0.17794   148.422   -2.7475   **    0.8955    23.3374 
 -77.000   0.12939  -0.15048   0.19846   -49.308   -1.7994   **  -0.15210   0.09429   0.17896   148.204   -2.6980   **    0.7848    25.7336 
 -76.000   0.12465  -0.14726   0.19293   -49.754   -2.0448   **  -0.15267   0.09550   0.18007   147.973   -2.6439   **    0.6763    29.2511 
 -75.000   0.11987  -0.14399   0.18736   -50.223   -2.2994   **  -0.15329   0.09680   0.18129   147.730   -2.5853   **    0.5703    35.6747 
 -74.000   0.11507  -0.14068   0.18175   -50.718   -2.5636   **  -0.15397   0.09819   0.18261   147.474   -2.5222   **    0.4674    52.4564 
 -73.000   0.11024  -0.13732   0.17609   -51.242   -2.8381   **  -0.15470   0.09968   0.18403   147.206   -2.4549   **    0.3680    33.1306 
 -72.000   0.10538  -0.13391   0.17040   -51.798   -3.1234   **  -0.15549   0.10126   0.18556   146.927   -2.3835   **    0.2726    27.4185 
 -71.000   0.10050  -0.13046   0.16468   -52.389   -3.4201   **  -0.15633   0.10293   0.18717   146.638   -2.3080   **    0.1818    23.8853 
 -70.000   0.09560  -0.12696   0.15892   -53.020   -3.7291   **  -0.15722   0.10470   0.18889   146.339   -2.2286   **    0.0959    21.2936 
 -69.000   0.09067  -0.12341   0.15314   -53.695   -4.0510   **  -0.15816   0.10656   0.19071   146.030   -2.1454   **    0.0157    19.2310 
 -68.000   0.08573  -0.11983   0.14733   -54.419   -4.3868   **  -0.15915   0.10851   0.19262   145.714   -2.0587   **   -0.0583    17.5086 
 -67.000   0.08076  -0.11620   0.14151   -55.198   -4.7373   **  -0.16019   0.11055   0.19464   145.389   -1.9685   **   -0.1256    16.0241 
 -66.000   0.07578  -0.11253   0.13567   -56.040   -5.1035   **  -0.16127   0.11269   0.19674   145.057   -1.8749   **   -0.1856    14.7158 
 -65.000   0.07079  -0.10881   0.12981   -56.954   -5.4866   **  -0.16240   0.11491   0.19895   144.718   -1.7782   **   -0.2378    13.5438 
 -64.000   0.06578  -0.10506   0.12395   -57.948   -5.8876   **  -0.16358   0.11722   0.20124   144.373   -1.6785   **   -0.2816    12.4807 
 -63.000   0.06076  -0.10127   0.11810   -59.035   -6.3080   **  -0.16479   0.11963   0.20363   144.023   -1.5759   **   -0.3167    11.5071 
 -62.000   0.05574  -0.09744   0.11225   -60.229   -6.7489   **  -0.16605   0.12212   0.20612   143.669   -1.4706   **   -0.3426    10.6086 
 -61.000   0.05071  -0.09357   0.10643   -61.547   -7.2120   **  -0.16735   0.12469   0.20869   143.310   -1.3627   **   -0.3588     9.7747 
 -60.000   0.04567  -0.08967   0.10063   -63.010   -7.6986   **  -0.16868   0.12735   0.21136   142.947   -1.2525   **   -0.3652     8.9973 
 -59.000   0.04063  -0.08573   0.09487   -64.642   -8.2103   **  -0.17006   0.13010   0.21412   142.582   -1.1400   **   -0.3615     8.2700 
 -58.000   0.03559  -0.08176   0.08917   -66.474   -8.7484   **  -0.17147   0.13293   0.21696   142.215   -1.0253   **   -0.3475     7.5883 
 -57.000   0.03056  -0.07776   0.08355   -68.544   -9.3143   **  -0.17291   0.13585   0.21989   141.845   -0.9088   **   -0.3232     6.9487 
 -56.000   0.02553  -0.07372   0.07802   -70.898   -9.9088   **  -0.17439   0.13884   0.22291   141.475   -0.7904   **   -0.2885     6.3487 
 -55.000   0.02051  -0.06966   0.07262   -73.592  -10.5317   **  -0.17590   0.14192   0.22601   141.103   -0.6704   **   -0.2437     5.7868 
 -54.000   0.01551  -0.06558   0.06738   -76.697  -11.1819   **  -0.17744   0.14507   0.22919   140.732   -0.5489   **   -0.1889     5.2627 
 -53.000   0.01051  -0.06146   0.06235   -80.294  -11.8556   **  -0.17901   0.14830   0.23246   140.360   -0.4261   **   -0.1243     4.7767 
 -52.000   0.00554  -0.05733   0.05759   -84.484  -12.5457   **  -0.18061   0.15160   0.23580   139.990   -0.3020   **   -0.0504     4.3304 
 -51.000   0.00058  -0.05317   0.05317   -89.376  -13.2395   **  -0.18223   0.15498   0.23922   139.621   -0.1769   **    0.0325     3.9267 
 -50.000  -0.00435  -0.04899   0.04918   -95.079  -13.9165   **  -0.18388   0.15843   0.24272   139.253   -0.0509   **    0.1239     3.5696 
 -49.000  -0.00926  -0.04480   0.04574  -101.682  -14.5463   **  -0.18556   0.16194   0.24629   138.887    0.0759   **    0.2232     3.2644 
 -48.000  -0.01414  -0.04059   0.04298  -109.208  -15.0876   **  -0.18725   0.16553   0.24993   138.524    0.2034   **    0.3299     3.0174 
 -47.000  -0.01899  -0.03637   0.04102  -117.569  -15.4921   **  -0.18897   0.16918   0.25364   138.163    0.3313   **    0.4435     2.8347 
 -46.000  -0.02380  -0.03213   0.03999  -126.523  -15.7144   **  -0.19071   0.17289   0.25741   137.806    0.4597   **    0.5632     2.7206 
 -45.000  -0.02857  -0.02790   0.03993  -135.685  -15.7267   **  -0.19247   0.17666   0.26125   137.452    0.5883   **    0.6886     2.6762 
 -44.000  -0.03330  -0.02365   0.04085  -144.616  -15.5297   **  -0.19424   0.18049   0.26515   137.102    0.7170   **    0.8189     2.6976 
 -43.000  -0.03799  -0.01941   0.04266  -152.938  -15.1527   **  -0.19604   0.18437   0.26911   136.757    0.8458   **    0.9536     2.7771 
 -42.000  -0.04263  -0.01516   0.04524  -160.418  -14.6417   **  -0.19784   0.18830   0.27313   136.415    0.9744   **    1.0920     2.9044 
 -41.000  -0.04721  -0.01092   0.04846  -166.974  -14.0449   **  -0.19966   0.19228   0.27720   136.078    1.1028   **    1.2336     3.0686 
 -40.000  -0.05175  -0.00669   0.05218  -172.634  -13.4031   **  -0.20149   0.19631   0.28131   135.747    1.2309   **    1.3778     3.2599 
 -39.000  -0.05622  -0.00247   0.05628  -177.488  -12.7462   **  -0.20334   0.20038   0.28548   135.420    1.3585   **    1.5241     3.4700 
 -38.000  -0.06064   0.00174   0.06066   178.353  -12.0944   **  -0.20519   0.20448   0.28968   135.099    1.4855   **    1.6719     3.6925 
 -37.000  -0.06499   0.00594   0.06526   174.780  -11.4599   **  -0.20705   0.20862   0.29393   134.783    1.6119   **    1.8209     3.9224 
 -36.000  -0.06927   0.01011   0.07001   171.697  -10.8500   **  -0.20892   0.21280   0.29821   134.473    1.7375   **    1.9705     4.1557 
 -35.000  -0.07349   0.01426   0.07486   169.019  -10.2680   **  -0.21079   0.21700   0.30252   134.169    1.8622   **    2.1203     4.3898 
 -34.000  -0.07763   0.01838   0.07978   166.679   -9.7154   **  -0.21267   0.22122   0.30686   133.871    1.9859   **    2.2700     4.6223 
 -33.000  -0.08170   0.02247   0.08473   164.620   -9.1921   **  -0.21455   0.22546   0.31123   133.579    2.1086   **    2.4191     4.8518 
 -32.000  -0.08568   0.02653   0.08970   162.796   -8.6975   **  -0.21643   0.22971   0.31561   133.294    2.2301   **    2.5674     5.0768 
 -31.000  -0.08959   0.03055   0.09465   161.172   -8.2303   **  -0.21831   0.23398   0.32001   133.015    2.3503   **    2.7145     5.2965 
 -30.000  -0.09341   0.03452   0.09958   159.716   -7.7891   **  -0.22019   0.23825   0.32442   132.743    2.4692   **    2.8603     5.5101 
 -29.000  -0.09714   0.03845   0.10448   158.404   -7.3726   **  -0.22206   0.24253   0.32884   132.478    2.5866   **    3.0043     5.7171 
 -28.000  -0.10079   0.04233   0.10932   157.216   -6.9793   **  -0.22394   0.24680   0.33325   132.219    2.7026   **    3.1464     5.9171 
 -27.000  -0.10434   0.04616   0.11409   156.135   -6.6078   **  -0.22580   0.25107   0.33767   131.967    2.8169   **    3.2864     6.1096 
 -26.000  -0.10779   0.04993   0.11880   155.148   -6.2569   **  -0.22766   0.25532   0.34208   131.722    2.9296   **    3.4241     6.2945 
 -25.000  -0.11115   0.05363   0.12342   154.243   -5.9254   **  -0.22951   0.25955   0.34647   131.485    3.0405   **    3.5593     6.4716 
 -24.000  -0.11442   0.05727   0.12795   153.410   -5.6122   **  -0.23135   0.26377   0.35085   131.254    3.1496   **    3.6918     6.6407 
 -23.000  -0.11757   0.06084   0.13238   152.640   -5.3163   **  -0.23318   0.26796   0.35521   131.030    3.2567   **    3.8216     6.8018 
 -22.000  -0.12063   0.06433   0.13671   151.928   -5.0367   **  -0.23499   0.27211   0.35954   130.814    3.3619   **    3.9484     6.9548 
 -21.000  -0.12358   0.06775   0.14093   151.268   -4.7726   **  -0.23679   0.27623   0.36383   130.605    3.4651   **    4.0723     7.0997 
 -20.000  -0.12642   0.07108   0.14504   150.653   -4.5233   **  -0.23858   0.28030   0.36809   130.402    3.5662   **    4.1930     7.2364 
 -19.000  -0.12916   0.07433   0.14902   150.080   -4.2880   **  -0.24034   0.28433   0.37230   130.207    3.6650   **    4.3104     7.3650 
 -18.000  -0.13178   0.07749   0.15288   149.546   -4.0661   **  -0.24209   0.28831   0.37647   130.020    3.7617   **    4.4246     7.4856 
 -17.000  -0.13430   0.08055   0.15660   149.046   -3.8571   **  -0.24381   0.29223   0.38058   129.839    3.8561   **    4.5354     7.5982 
 -16.000  -0.13670   0.08351   0.16019   148.579   -3.6603   **  -0.24552   0.29609   0.38464   129.666    3.9481   **    4.6427     7.7028 
 -15.000  -0.13899   0.08637   0.16364   148.142   -3.4754   **  -0.24719   0.29987   0.38862   129.500    4.0377   **    4.7465     7.7997 
 -14.000  -0.14116   0.08912   0.16694   147.733   -3.3018   **  -0.24884   0.30359   0.39254   129.340    4.1248   **    4.8468     7.8887 
 -13.000  -0.14321   0.09177   0.17009   147.350   -3.1393   **  -0.25047   0.30723   0.39639   129.188    4.2094   **    4.9434     7.9702 
 -12.000  -0.14515   0.09429   0.17309   146.991   -2.9873   **  -0.25206   0.31078   0.40015   129.044    4.2915   **    5.0364     8.0441 
 -11.000  -0.14698   0.09671   0.17594   146.656   -2.8457   **  -0.25362   0.31425   0.40382   128.906    4.3709   **    5.1257     8.1107 
 -10.000  -0.14868   0.09900   0.17863   146.343   -2.7141   **  -0.25515   0.31762   0.40741   128.775    4.4477   **    5.2113     8.1699 
  -9.000  -0.15027   0.10116   0.18115   146.051   -2.5922   **  -0.25664   0.32090   0.41090   128.651    4.5218   **    5.2931     8.2221 
  -8.000  -0.15174   0.10320   0.18351   145.780   -2.4797   **  -0.25809   0.32407   0.41429   128.534    4.5931   **    5.3712     8.2673 
  -7.000  -0.15309   0.10511   0.18570   145.528   -2.3765   **  -0.25951   0.32713   0.41757   128.424    4.6616   **    5.4454     8.3056 
  -6.000  -0.15433   0.10688   0.18773   145.295   -2.2824   **  -0.26089   0.33009   0.42074   128.321    4.7273   **    5.5158     8.3372 
  -5.000  -0.15545   0.10852   0.18958   145.081   -2.1971   **  -0.26222   0.33292   0.42379   128.225    4.7901   **    5.5823     8.3623 
  -4.000  -0.15645   0.11002   0.19126   144.885   -2.1205   **  -0.26351   0.33564   0.42672   128.136    4.8500   **    5.6450     8.3810 
  -3.000  -0.15734   0.11137   0.19276   144.707   -2.0524   **  -0.26476   0.33823   0.42953   128.053    4.9069   **    5.7038     8.3935 
  -2.000  -0.15811   0.11258   0.19409   144.548   -1.9928   **  -0.26595   0.34069   0.43221   127.976    4.9609   **    5.7587     8.3999 
  -1.000  -0.15876   0.11364   0.19524   144.405   -1.9415   **  -0.26710   0.34302   0.43475   127.907    5.0119   **    5.8098     8.4003 
   0.000  -0.15930   0.11455   0.19621   144.281   -1.8983   **  -0.26820   0.34521   0.43715   127.844    5.0598   **    5.8569     8.3950 
   1.000  -0.15973   0.11531   0.19701   144.174   -1.8633   **  -0.26924   0.34727   0.43941   127.787    5.1046   **    5.9000     8.3840 
   2.000  -0.16005   0.11592   0.19762   144.085   -1.8362   **  -0.27023   0.34918   0.44153   127.737    5.1463   **    5.9393     8.3675 
   3.000  -0.16026   0.11637   0.19806   144.015   -1.8172   **  -0.27116   0.35094   0.44349   127.693    5.1848   **    5.9746     8.3458 
   4.000  -0.16036   0.11667   0.19831   143.962   -1.8060   **  -0.27204   0.35255   0.44531   127.655    5.2202   **    6.0060     8.3188 
   5.000  -0.16035   0.11681   0.19839   143.929   -1.8027   **  -0.27285   0.35401   0.44696   127.623    5.2525   **    6.0334     8.2868 
   6.000  -0.16024   0.11679   0.19828   143.914   -1.8072   **  -0.27361   0.35532   0.44846   127.598    5.2815   **    6.0569     8.2498 
   7.000  -0.16002   0.11661   0.19800   143.919   -1.8195   **  -0.27430   0.35647   0.44979   127.578    5.3072   **    6.0765     8.2081 
   8.000  -0.15971   0.11627   0.19755   143.945   -1.8395   **  -0.27493   0.35745   0.45095   127.565    5.3297   **    6.0921     8.1618 
   9.000  -0.15929   0.11577   0.19692   143.991   -1.8673   **  -0.27549   0.35828   0.45195   127.557    5.3490   **    6.1038     8.1110 
  10.000  -0.15877   0.11511   0.19611   144.058   -1.9029   **  -0.27599   0.35895   0.45278   127.556    5.3649   **    6.1116     8.0558 
  11.000  -0.15816   0.11429   0.19513   144.148   -1.9463   **  -0.27641   0.35945   0.45344   127.560    5.3775   **    6.1154     7.9964 
  12.000  -0.15746   0.11331   0.19399   144.261   -1.9975   **  -0.27677   0.35979   0.45393   127.570    5.3868   **    6.1153     7.9328 
  13.000  -0.15666   0.11217   0.19267   144.398   -2.0565   **  -0.27706   0.35996   0.45424   127.585    5.3928   **    6.1113     7.8653 
  14.000  -0.15577   0.11086   0.19120   144.560   -2.1233   **  -0.27727   0.35997   0.45438   127.606    5.3954   **    6.1034     7.7939 
  15.000  -0.15480   0.10940   0.18956   144.749   -2.1980   **  -0.27742   0.35981   0.45434   127.633    5.3946   **    6.0916     7.7187 
  16.000  -0.15374   0.10779   0.18776   144.966   -2.2807   **  -0.27748   0.35948   0.45412   127.664    5.3905   **    6.0759     7.6399 
  17.000  -0.15260   0.10602   0.18581   145.212   -2.3714   **  -0.27747   0.35899   0.45373   127.702    5.3829   **    6.0563     7.5575 
  18.000  -0.15138   0.10409   0.18371   145.488   -2.4701   **  -0.27739   0.35833   0.45315   127.744    5.3720   **    6.0329     7.4718 
  19.000  -0.15009   0.10201   0.18147   145.797   -2.5768   **  -0.27723   0.35751   0.45241   127.792    5.3577   **    6.0056     7.3827 
  20.000  -0.14871   0.09978   0.17908   146.141   -2.6918   **  -0.27699   0.35653   0.45148   127.844    5.3399   **    5.9745     7.2905 
  21.000  -0.14727   0.09740   0.17656   146.521   -2.8149   **  -0.27668   0.35538   0.45038   127.902    5.3188   **    5.9396     7.1953 
  22.000  -0.14575   0.09487   0.17391   146.939   -2.9464   **  -0.27628   0.35408   0.44911   127.965    5.2942   **    5.9010     7.0971 
  23.000  -0.14417   0.09220   0.17113   147.399   -3.0862   **  -0.27581   0.35261   0.44767   128.032    5.2662   **    5.8585     6.9961 
  24.000  -0.14252   0.08939   0.16824   147.903   -3.2344   **  -0.27526   0.35099   0.44605   128.104    5.2348   **    5.8124     6.8924 
  25.000  -0.14081   0.08645   0.16523   148.454   -3.3911   **  -0.27462   0.34922   0.44427   128.181    5.1999   **    5.7626     6.7863 
  26.000  -0.13904   0.08336   0.16212   149.055   -3.5562   **  -0.27391   0.34730   0.44231   128.263    5.1617   **    5.7091     6.6777 
  27.000  -0.13722   0.08015   0.15891   149.710   -3.7299   **  -0.27312   0.34523   0.44020   128.349    5.1201   **    5.6521     6.5670 
  28.000  -0.13533   0.07681   0.15561   150.423   -3.9122   **  -0.27225   0.34301   0.43792   128.439    5.0750   **    5.5914     6.4543 
  29.000  -0.13340   0.07334   0.15223   151.198   -4.1030   **  -0.27130   0.34065   0.43549   128.534    5.0266   **    5.5272     6.3397 
  30.000  -0.13141   0.06976   0.14878   152.040   -4.3022   **  -0.27027   0.33816   0.43290   128.633    4.9747   **    5.4596     6.2236 
  31.000  -0.12938   0.06605   0.14526   152.953   -4.5099   **  -0.26916   0.33554   0.43015   128.736    4.9195   **    5.3886     6.1061 
  32.000  -0.12730   0.06224   0.14170   153.945   -4.7258   **  -0.26797   0.33278   0.42726   128.843    4.8610   **    5.3142     5.9874 
  33.000  -0.12517   0.05832   0.13809   155.020   -4.9497   **  -0.26671   0.32990   0.42423   128.953    4.7991   **    5.2365     5.8681 
  34.000  -0.12301   0.05429   0.13445   156.185   -5.1815   **  -0.26537   0.32691   0.42106   129.068    4.7339   **    5.1556     5.7482 
  35.000  -0.12080   0.05017   0.13080   157.448   -5.4206   **  -0.26395   0.32379   0.41775   129.186    4.6654   **    5.0715     5.6284 
  36.000  -0.11856   0.04595   0.12715   158.816   -5.6665   **  -0.26246   0.32057   0.41431   129.308    4.5936   **    4.9845     5.5089 
  37.000  -0.11628   0.04164   0.12351   160.297   -5.9187   **  -0.26089   0.31725   0.41074   129.433    4.5185   **    4.8944     5.3904 
  38.000  -0.11397   0.03725   0.11990   161.901   -6.1763   **  -0.25925   0.31382   0.40706   129.561    4.4402   **    4.8016     5.2733 
  39.000  -0.11163   0.03278   0.11634   163.636   -6.4382   **  -0.25754   0.31030   0.40326   129.692    4.3587   **    4.7059     5.1583 
  40.000  -0.10926   0.02823   0.11285   165.511   -6.7031   **  -0.25576   0.30669   0.39935   129.826    4.2740   **    4.6077     5.0462 
  41.000  -0.10686   0.02362   0.10944   167.535   -6.9695   **  -0.25392   0.30300   0.39533   129.963    4.1863   **    4.5069     4.9378 
  42.000  -0.10443   0.01894   0.10614   169.718   -7.2355   **  -0.25200   0.29924   0.39121   130.102    4.0954   **    4.4038     4.8341 
  43.000  -0.10198   0.01421   0.10297   172.068   -7.4987   **  -0.25002   0.29540   0.38701   130.243    4.0014   **    4.2985     4.7360 
  44.000  -0.09951   0.00942   0.09996   174.591   -7.7566   **  -0.24797   0.29150   0.38271   130.387    3.9045   **    4.1911     4.6448 
  45.000  -0.09702   0.00459   0.09713   177.292   -8.0061   **  -0.24587   0.28755   0.37833   130.532    3.8045   **    4.0817     4.5618 
  46.000  -0.09451  -0.00029   0.09451  -179.826   -8.2437   **  -0.24370   0.28354   0.37388   130.679    3.7017   **    3.9707     4.4884 
  47.000  -0.09197  -0.00520   0.09212  -176.765   -8.4657   **  -0.24148   0.27949   0.36936   130.827    3.5960   **    3.8581     4.4260 
  48.000  -0.08943  -0.01014   0.09000  -173.530   -8.6682   **  -0.23920   0.27540   0.36477   130.976    3.4875   **    3.7442     4.3764 
  49.000  -0.08686  -0.01511   0.08817  -170.132   -8.8469   **  -0.23687   0.27127   0.36013   131.126    3.3763   **    3.6291     4.3410 
  50.000  -0.08428  -0.02010   0.08664  -166.589   -8.9981   **  -0.23448   0.26713   0.35544   131.276    3.2624   **    3.5131     4.3216 
  51.000  -0.08169  -0.02510   0.08546  -162.922   -9.1180   **  -0.23205   0.26296   0.35071   131.427    3.1460   **    3.3965     4.3199 
  52.000  -0.07908  -0.03011   0.08462  -159.159   -9.2036   **  -0.22957   0.25878   0.34593   131.577    3.0270   **    3.2793     4.3372 
  53.000  -0.07646  -0.03512   0.08414  -155.333   -9.2526   **  -0.22705   0.25460   0.34113   131.726    2.9055   **    3.1620     4.3751 
  54.000  -0.07384  -0.04013   0.08403  -151.478   -9.2638   **  -0.22448   0.25042   0.33631   131.874    2.7818   **    3.0448     4.4347 
  55.000  -0.07120  -0.04513   0.08429  -147.633   -9.2371   **  -0.22188   0.24624   0.33146   132.021    2.6557   **    2.9279     4.5169 
  56.000  -0.06855  -0.05011   0.08491  -143.831   -9.1735   **  -0.21924   0.24208   0.32661   132.165    2.5275   **    2.8116     4.6225 
  57.000  -0.06589  -0.05508   0.08588  -140.107   -9.0751   **  -0.21657   0.23794   0.32174   132.307    2.3973   **    2.6962     4.7520 
  58.000  -0.06323  -0.06002   0.08718  -136.489   -8.9447   **  -0.21387   0.23383   0.31689   132.446    2.2651   **    2.5820     4.9055 
  59.000  -0.06055  -0.06494   0.08879  -132.999   -8.7859   **  -0.21114   0.22975   0.31203   132.582    2.1311   **    2.4693     5.0833 
  60.000  -0.05787  -0.06981   0.09068  -129.657   -8.6026   **  -0.20838   0.22572   0.30720   132.713    1.9955   **    2.3583     5.2852 
  61.000  -0.05518  -0.07465   0.09283  -126.473   -8.3987   **  -0.20560   0.22173   0.30238   132.839    1.8582   **    2.2494     5.5110 
  62.000  -0.05249  -0.07944   0.09522  -123.453   -8.1784   **  -0.20281   0.21779   0.29759   132.960    1.7195   **    2.1429     5.7606 
  63.000  -0.04979  -0.08419   0.09781  -120.601   -7.9453   **  -0.20000   0.21391   0.29284   133.075    1.5796   **    2.0389     6.0337 
  64.000  -0.04708  -0.08888   0.10058  -117.913   -7.7029   **  -0.19717   0.21009   0.28812   133.183    1.4386   **    1.9379     6.3302 
  65.000  -0.04437  -0.09350   0.10350  -115.386   -7.4542   **  -0.19433   0.20634   0.28345   133.283    1.2966   **    1.8401     6.6500 
  66.000  -0.04165  -0.09807   0.10655  -113.012   -7.2020   **  -0.19149   0.20267   0.27883   133.375    1.1538   **    1.7457     6.9930 
  67.000  -0.03893  -0.10257   0.10970  -110.784   -6.9484   **  -0.18864   0.19908   0.27426   133.458    1.0105   **    1.6550     7.3595 
  68.000  -0.03620  -0.10699   0.11295  -108.693   -6.6955   **  -0.18580   0.19558   0.26976   133.530    0.8667   **    1.5682     7.7495 
  69.000  -0.03346  -0.11133   0.11625  -106.729   -6.4447   **  -0.18295   0.19217   0.26533   133.592    0.7228   **    1.4855     8.1637 
  70.000  -0.03072  -0.11560   0.11961  -104.884   -6.1975   **  -0.18011   0.18886   0.26097   133.642    0.5789   **    1.4070     8.6025 
  71.000  -0.02798  -0.11978   0.12300  -103.147   -5.9548   **  -0.17727   0.18564   0.25669   133.679    0.4353   **    1.3330     9.0667 
  72.000  -0.02522  -0.12387   0.12641  -101.509   -5.7174   **  -0.17445   0.18254   0.25249   133.702    0.2921   **    1.2635     9.5572 
  73.000  -0.02246  -0.12786   0.12982   -99.964   -5.4859   **  -0.17164   0.17954   0.24839   133.711    0.1497   **    1.1986    10.0754 
  74.000  -0.01970  -0.13176   0.13323   -98.502   -5.2610   **  -0.16885   0.17666   0.24438   133.705    0.0083   **    1.1384    10.6227 
  75.000  -0.01692  -0.13557   0.13662   -97.116   -5.0427   **  -0.16608   0.17390   0.24047   133.682   -0.1318   **    1.0831    11.2008 
  76.000  -0.01414  -0.13926   0.13998   -95.799   -4.8316   **  -0.16333   0.17127   0.23666   133.641   -0.2704   **    1.0325    11.8118 
  77.000  -0.01136  -0.14286   0.14331   -94.545   -4.6275   **  -0.16060   0.16876   0.23297   133.582   -0.4071   **    0.9867    12.4583 
  78.000  -0.00856  -0.14634   0.14659   -93.347   -4.4308   **  -0.15791   0.16638   0.22938   133.504   -0.5417   **    0.9456    13.1433 
  79.000  -0.00576  -0.14971   0.14982   -92.202   -4.2413   **  -0.15524   0.16413   0.22592   133.406   -0.6738   **    0.9092    13.8704 
  80.000  -0.00294  -0.15297   0.15300   -91.102   -4.0591   **  -0.15261   0.16202   0.22258   133.287   -0.8031   **    0.8774    14.6440 
  81.000  -0.00012  -0.15611   0.15611   -90.045   -3.8842   **  -0.15002   0.16006   0.21937   133.146   -0.9293   **    0.8502    15.4694 
  82.000   0.00271  -0.15914   0.15916   -89.025   -3.7163   **  -0.14747   0.15823   0.21629   132.984   -1.0520   **    0.8273    16.3531 
  83.000   0.00555  -0.16204   0.16213   -88.039   -3.5554   **  -0.14495   0.15655   0.21335   132.798   -1.1710   **    0.8087    17.3033 
  84.000   0.00840  -0.16482   0.16503   -87.082   -3.4015   **  -0.14249   0.15501   0.21055   132.589   -1.2857   **    0.7943    18.3304 
  85.000   0.01126  -0.16748   0.16785   -86.153   -3.2543   **  -0.14007   0.15363   0.20790   132.357   -1.3960   **    0.7838    19.4475 
  86.000   0.01414  -0.17001   0.17059   -85.247   -3.1137   **  -0.13770   0.15239   0.20539   132.100   -1.5013   **    0.7772    20.6726 
  87.000   0.01702  -0.17241   0.17325   -84.362   -2.9795   **  -0.13538   0.15131   0.20304   131.820   -1.6014   **    0.7743    22.0298 
  88.000   0.01992  -0.17469   0.17582   -83.495   -2.8516   **  -0.13312   0.15038   0.20084   131.516   -1.6960   **    0.7749    23.5536 
  89.000   0.02283  -0.17684   0.17830   -82.644   -2.7297   **  -0.13092   0.14961   0.19880   131.188   -1.7845   **    0.7788    25.2953 
  90.000   0.02575  -0.17886   0.18070   -81.807   -2.6138   **  -0.12877   0.14899   0.19693   130.837   -1.8668   **    0.7860    27.3366 




